C1 = 0.084694 
C2 = 1.502538 
C3 = 0.088829 

P11 = 0.000343 
P12 = -0.000043 
P13 = -0.220176 
P21 = 0.000006 
P22 = 0.000193 
P23 = 0.712568 
P31 = -0.000047 
P32 = -0.000284 
P33 = 0.762188 
