K11 = 2611.640726
K12 = 0.000000
K13 = 975.724181
K21 = 0.000000
K22 = 2603.822877
K23 = 570.111669
K31 = 0.000000
K32 = 0.000000
K33 = 1.000000

kc1 = -0.328171
kc2 = 0.144806
kc3 = 0.000335
kc4 = -0.002566

