C1 = 0.087998 
C2 = 1.503111 
C3 = 0.104248 

P11 = 0.000357 
P12 = 0.000236 
P13 = -0.727564 
P21 = 0.000044 
P22 = 0.000129 
P23 = 0.832435 
P31 = 0.000254 
P32 = -0.000349 
P33 = 0.150573 
