C1 = 0.086011 
C2 = 1.501315 
C3 = 0.104167 

P11 = 0.000423 
P12 = 0.000026 
P13 = -0.401385 
P21 = -0.000010 
P22 = 0.000007 
P23 = 1.005942 
P31 = 0.000025 
P32 = -0.000422 
P33 = 0.232155 
