C1 = 0.088321 
C2 = 1.502713 
C3 = 0.097709 

P11 = -0.000385 
P12 = 0.000035 
P13 = 0.201467 
P21 = -0.000036 
P22 = 0.000181 
P23 = 0.818885 
P31 = 0.000058 
P32 = 0.000344 
P33 = -0.688089 
