C1 = 0.085367 
C2 = 1.503764 
C3 = 0.110813 

P11 = 0.000025 
P12 = 0.000432 
P13 = -0.264559 
P21 = 0.000369 
P22 = -0.000021 
P23 = 0.215445 
P31 = 0.000224 
P32 = -0.000016 
P33 = -1.037045 
