K11 = 1761.077981
K12 = 0.000000
K13 = 966.021575
K21 = 0.000000
K22 = 1746.572001
K23 = 597.514306
K31 = 0.000000
K32 = 0.000000
K33 = 1.000000

kc1 = -0.350598
kc2 = 0.197340
kc3 = -0.000701
kc4 = -0.005206

