C1 = 0.083403 
C2 = 1.501354 
C3 = 0.102077 

P11 = -0.000371 
P12 = 0.000028 
P13 = 0.581237 
P21 = 0.000089 
P22 = 0.000069 
P23 = 0.828921 
P31 = 0.000011 
P32 = 0.000375 
P33 = -0.406740 
