K11 = 3109.442012
K12 = 0.000000
K13 = 937.380931
K21 = 0.000000
K22 = 3147.752167
K23 = 524.105597
K31 = 0.000000
K32 = 0.000000
K33 = 1.000000

kc1 = -0.394170
kc2 = 0.609910
kc3 = -0.008450
kc4 = 0.003079

