C1 = 0.083776 
C2 = 1.501807 
C3 = 0.092386 

P11 = -0.000376 
P12 = 0.000000 
P13 = 0.623924 
P21 = 0.000111 
P22 = -0.000034 
P23 = 0.874587 
P31 = 0.000010 
P32 = 0.000389 
P33 = -0.150691 
