K11 = 2688.350893
K12 = 0.000000
K13 = 1002.846772
K21 = 0.000000
K22 = 2700.324751
K23 = 589.020112
K31 = 0.000000
K32 = 0.000000
K33 = 1.000000

kc1 = -0.310448
kc2 = 0.024950
kc3 = -0.000104
kc4 = 0.001301

