K11 = 2395.562961
K12 = 0.000000
K13 = 932.592205
K21 = 0.000000
K22 = 2390.292547
K23 = 630.615110
K31 = 0.000000
K32 = 0.000000
K33 = 1.000000

kc1 = -0.313589
kc2 = 0.094536
kc3 = -0.001796
kc4 = -0.008566

