K11 = 2387.584822
K12 = 0.000000
K13 = 896.919853
K21 = 0.000000
K22 = 2376.613274
K23 = 608.808202
K31 = 0.000000
K32 = 0.000000
K33 = 1.000000

kc1 = -0.357000
kc2 = 0.190623
kc3 = 0.000327
kc4 = 0.000097

