K11 = 2647.325550
K12 = 0.000000
K13 = 996.104619
K21 = 0.000000
K22 = 2653.197034
K23 = 588.462660
K31 = 0.000000
K32 = 0.000000
K33 = 1.000000

kc1 = -0.318654
kc2 = 0.190908
kc3 = 0.000637
kc4 = 0.002366

