K11 = 2324.930434
K12 = 0.000000
K13 = 991.713257
K21 = 0.000000
K22 = 2331.188324
K23 = 578.433736
K31 = 0.000000
K32 = 0.000000
K33 = 1.000000

kc1 = -0.328672
kc2 = 0.138757
kc3 = -0.003584
kc4 = -0.002865

