C1 = 0.085425 
C2 = 1.501725 
C3 = 0.094030 

P11 = -0.000035 
P12 = 0.000408 
P13 = -0.146377 
P21 = -0.000054 
P22 = -0.000034 
P23 = 1.056264 
P31 = 0.000405 
P32 = 0.000030 
P33 = -0.234242 
