K11 = 2792.437351
K12 = 0.000000
K13 = 971.108808
K21 = 0.000000
K22 = 2800.264233
K23 = 621.563925
K31 = 0.000000
K32 = 0.000000
K33 = 1.000000

kc1 = -0.337016
kc2 = 0.317739
kc3 = -0.000406
kc4 = 0.003423

