K11 = 2457.475572
K12 = 0.000000
K13 = 1000.771119
K21 = 0.000000
K22 = 2479.973844
K23 = 631.018937
K31 = 0.000000
K32 = 0.000000
K33 = 1.000000

kc1 = -0.289891
kc2 = 0.050401
kc3 = -0.020575
kc4 = -0.002145

