C1 = 0.083475 
C2 = 1.501190 
C3 = 0.108188 

P11 = -0.000357 
P12 = -0.000017 
P13 = 0.704501 
P21 = 0.000125 
P22 = 0.000100 
P23 = 0.732263 
P31 = -0.000050 
P32 = 0.000366 
P33 = -0.381512 
