K11 = 2524.920733
K12 = 0.000000
K13 = 941.030450
K21 = 0.000000
K22 = 2539.898457
K23 = 559.019938
K31 = 0.000000
K32 = 0.000000
K33 = 1.000000

kc1 = -0.324045
kc2 = 0.104765
kc3 = -0.003683
kc4 = 0.000963

