K11 = 2589.293193
K12 = 0.000000
K13 = 1028.120708
K21 = 0.000000
K22 = 2597.225629
K23 = 571.014118
K31 = 0.000000
K32 = 0.000000
K33 = 1.000000

kc1 = -0.295788
kc2 = -0.213297
kc3 = -0.000842
kc4 = -0.000566

