K11 = 2517.188744
K12 = 0.000000
K13 = 885.370395
K21 = 0.000000
K22 = 2515.715468
K23 = 567.099037
K31 = 0.000000
K32 = 0.000000
K33 = 1.000000

kc1 = -0.358594
kc2 = 0.253285
kc3 = 0.000588
kc4 = 0.001259

