C1 = 0.082468 
C2 = 1.502310 
C3 = 0.108516 

P11 = -0.000289 
P12 = -0.000092 
P13 = 0.622540 
P21 = 0.000015 
P22 = 0.000204 
P23 = 0.665648 
P31 = -0.000131 
P32 = 0.000225 
P33 = -0.534306 
