K11 = 3215.827944
K12 = 0.000000
K13 = 949.345274
K21 = 0.000000
K22 = 3217.650124
K23 = 447.313962
K31 = 0.000000
K32 = 0.000000
K33 = 1.000000

kc1 = -0.302535
kc2 = 0.023344
kc3 = -0.006266
kc4 = -0.003013

