C1 = 0.086074 
C2 = 1.504564 
C3 = 0.088671 

P11 = 0.000026 
P12 = -0.000547 
P13 = 0.296008 
P21 = 0.000382 
P22 = 0.000016 
P23 = 0.351898 
P31 = -0.000388 
P32 = -0.000022 
P33 = 1.070966 
