C1 = 0.086932 
C2 = 1.501447 
C3 = 0.097763 

P11 = -0.000343 
P12 = 0.000001 
P13 = 0.204674 
P21 = -0.000047 
P22 = -0.000076 
P23 = 1.059825 
P31 = -0.000009 
P32 = 0.000337 
P33 = 0.021799 
