K11 = 2897.116818
K12 = 0.000000
K13 = 1029.747715
K21 = 0.000000
K22 = 2903.316239
K23 = 614.754906
K31 = 0.000000
K32 = 0.000000
K33 = 1.000000

kc1 = -0.321067
kc2 = 0.098477
kc3 = -0.001217
kc4 = 0.002966

