C1 = 0.088427 
C2 = 1.502884 
C3 = 0.094451 

P11 = 0.000362 
P12 = 0.000154 
P13 = -0.695303 
P21 = -0.000006 
P22 = 0.000255 
P23 = 0.634334 
P31 = 0.000192 
P32 = -0.000281 
P33 = 0.554161 
