K11 = 2817.661532
K12 = 0.000000
K13 = 933.556176
K21 = 0.000000
K22 = 2833.357679
K23 = 656.791256
K31 = 0.000000
K32 = 0.000000
K33 = 1.000000

kc1 = -0.333568
kc2 = 0.119378
kc3 = -0.004921
kc4 = -0.002925

