K11 = 2264.992419
K12 = 0.000000
K13 = 977.444836
K21 = 0.000000
K22 = 2270.494126
K23 = 603.394993
K31 = 0.000000
K32 = 0.000000
K33 = 1.000000

kc1 = -0.344248
kc2 = 0.126058
kc3 = -0.002259
kc4 = -0.003077

