K11 = 2596.986803
K12 = 0.000000
K13 = 999.689944
K21 = 0.000000
K22 = 2599.688899
K23 = 571.127565
K31 = 0.000000
K32 = 0.000000
K33 = 1.000000

kc1 = -0.357756
kc2 = 0.228579
kc3 = -0.000091
kc4 = 0.001593

