C1 = 0.087397 
C2 = 1.500927 
C3 = 0.108387 

P11 = -0.000334 
P12 = 0.000005 
P13 = 0.192222 
P21 = -0.000050 
P22 = 0.000087 
P23 = 0.958888 
P31 = 0.000019 
P32 = 0.000325 
P33 = -0.454152 
