C1 = 0.088290 
C2 = 1.501191 
C3 = 0.102350 

P11 = -0.000349 
P12 = -0.000003 
P13 = 0.089153 
P21 = -0.000096 
P22 = -0.000016 
P23 = 1.069451 
P31 = -0.000007 
P32 = 0.000361 
P33 = -0.162791 
