K11 = 1587.901457
K12 = 0.000000
K13 = 1008.395919
K21 = 0.000000
K22 = 1568.999546
K23 = 686.836027
K31 = 0.000000
K32 = 0.000000
K33 = 1.000000

kc1 = -0.364165
kc2 = 0.168575
kc3 = -0.015199
kc4 = -0.004634

