C1 = 0.084960 
C2 = 1.501523 
C3 = 0.099007 

P11 = 0.000011 
P12 = 0.000629 
P13 = -0.300388 
P21 = -0.000014 
P22 = -0.000055 
P23 = 1.042136 
P31 = 0.000630 
P32 = -0.000011 
P33 = -0.586469 
