C1 = 0.083240 
C2 = 1.501577 
C3 = 0.097644 

P11 = -0.000364 
P12 = -0.000024 
P13 = 0.634890 
P21 = 0.000095 
P22 = -0.000054 
P23 = 0.888814 
P31 = -0.000010 
P32 = 0.000372 
P33 = -0.043364 
