C1 = 0.087984 
C2 = 1.501616 
C3 = 0.092667 

P11 = -0.000349 
P12 = -0.000071 
P13 = 0.195754 
P21 = -0.000072 
P22 = -0.000010 
P23 = 1.059317 
P31 = -0.000072 
P32 = 0.000355 
P33 = -0.150797 
