C1 = 0.083019 
C2 = 1.502655 
C3 = 0.102509 

P11 = -0.000280 
P12 = -0.000100 
P13 = 0.569348 
P21 = 0.000002 
P22 = 0.000196 
P23 = 0.689956 
P31 = -0.000130 
P32 = 0.000217 
P33 = -0.544336 
