C1 = 0.082977 
C2 = 1.503128 
C3 = 0.094099 

P11 = 0.000388 
P12 = -0.000035 
P13 = -0.215066 
P21 = -0.000017 
P22 = 0.000288 
P23 = 0.564760 
P31 = -0.000067 
P32 = -0.000267 
P33 = 0.906248 
