K11 = 2329.021190
K12 = 0.000000
K13 = 933.774685
K21 = 0.000000
K22 = 2300.296910
K23 = 563.997133
K31 = 0.000000
K32 = 0.000000
K33 = 1.000000

kc1 = -0.328957
kc2 = 0.174916
kc3 = -0.003640
kc4 = -0.007839

