# Created by Octave 4.0.0, Thu May 23 15:02:44 2024 PDT <caveman@RiffellCave1>
# name: corresp
# type: matrix
# rows: 404
# columns: 7
 0.08435163236365707 1.511440667837741 0.1069556980504867 1 1658.2505 922.0905 1
 0.08474628769026959 1.511338238445779 0.1070106498306383 1 1555.855 925.7683 1
 0.08521750044314605 1.511171661615242 0.1070252914262728 1 1430.5682 914.6085 1
 0.08558519451738698 1.510742302077192 0.1072823318980884 1 1308.0533 960.3414 1
 0.08611843912943141 1.510433706672955 0.1075135595701125 1 1141.3855 1000.4734 1
 0.08667767813278211 1.509973317718758 0.1077139138226733 1 949.0377999999999 1027.688 1
 0.0871318582586264 1.509509241992109 0.1079599232117503 1 771.34546 1071.8579 1
 0.08726501260199092 1.508168879992716 0.1074672825299808 1 579.49927 867.0335700000001 1
 0.08779732942961505 1.508155802896864 0.1074376503569951 1 430.95123 840.1466 1
 0.08808596207305694 1.50788977922451 0.1073012868743334 1 316.91675 773.0408 1
 0.08754728718880657 1.507961138594018 0.10721388871589 1 479.8115 763.967 1
 0.08423585091896481 1.508244980935157 0.105343723217407 1 1652.0145 222.53287 1
 0.08489306803923852 1.508237155837473 0.1052301570826551 1 1432.4349 181.18835 1
 0.08558075143113532 1.5081566315523 0.105141435953639 1 1204.4808 141.47424 1
 0.08629180968961893 1.508129096573189 0.1050928055119654 1 981.35364 124.48834 1
 0.08695631491822566 1.508134785811074 0.1050719175795303 1 786.86707 122.49124 1
 0.08753723766680464 1.508077013205758 0.1050637721632916 1 618.373 117.36944 1
 0.08808371656741353 1.508009931430403 0.105020729557491 1 468.4724 102.85902 1
 0.0856987166601401 1.508550712489487 0.1047768016046225 1 1210.9514 86.2765 1
 0.08507696474002138 1.508520739018254 0.1048542117288789 1 1398.2101 104.47067 1
 0.08453711745098084 1.508581970842009 0.1049560736107566 1 1570.2341 144.40721 1
 0.08408813519966214 1.508635794187891 0.1050776888197184 1 1714.3997 190.83981 1
 0.08378114885312624 1.50866318512339 0.1052571709360607 1 1812.4132 252.06442 1
 0.08365113842167521 1.508657988077891 0.1054654510731716 1 1854.1915 318.3895 1
 0.08367459026951647 1.508623624886021 0.1056688982652823 1 1843.1086 378.73938 1
 0.08416860193164867 1.508539761085748 0.1058691987485722 1 1673.3518 428.25885 1
 0.08463116747793288 1.50858569964964 0.1058710769204506 1 1520.6237 427.5773 1
 0.08516368900723011 1.508602266186538 0.1058255272838272 1 1349.1178 408.51794 1
 0.08573722942533098 1.508573357867926 0.1057952701771703 1 1166.3301 390.17563 1
 0.08633773228799206 1.508545461789222 0.1057796050025475 1 981.43646 378.0007 1
 0.08690987633790313 1.508537634335587 0.1057902034080697 1 814.1175500000001 377.2005 1
 0.08740543541064501 1.508494244098451 0.1057901642385228 1 670.35297 370.41867 1
 0.08786232792382301 1.508497006249973 0.1057935322254616 1 551.104 369.78903 1
 0.08823741866239278 1.508497634328751 0.1058178220346881 1 455.6153 375.4031 1
 0.08849634953897076 1.508515972707547 0.1058985030907431 1 391.2146 398.44113 1
 0.08859359685293755 1.508545579894584 0.1060519052920723 1 364.28418 442.73883 1
 0.0885299959703974 1.508586884537607 0.106261011401999 1 374.19086 504.5508 1
 0.08834657757110087 1.508614513678841 0.106459258041272 1 412.11078 564.4571 1
 0.08804784544668715 1.508620306007739 0.1066527905955791 1 476.91275 624.8838500000001 1
 0.08762705891492366 1.508605258495728 0.1068854983106764 1 572.101 700.51874 1
 0.08560102401136249 1.50973795110723 0.1074675528009362 1 1235.5492 980.9218 1
 0.08625097843168036 1.509671439040211 0.1073823180930015 1 1049.4913 935.82104 1
 0.08688869177754377 1.509657558233062 0.1073134157218462 1 877.70215 898.29895 1
 0.08747576123146379 1.509705210739654 0.107238641268277 1 734.5830999999999 864.10706 1
 0.08794505799225766 1.509695262953605 0.1071712728904373 1 621.19934 833.63165 1
 0.08832389731396625 1.509655488100331 0.1070780431078858 1 531.15845 797.92786 1
 0.08859522965108663 1.509632861997736 0.1069827617241025 1 470.6728 765.7479 1
 0.08857916470836533 1.509582827253681 0.1067186797221993 1 479.37997 694.4704 1
 0.08788695403118744 1.509651997806856 0.1064686557733932 1 658.48596 643.77106 1
 0.08735106502085509 1.509669576644134 0.1064137492173531 1 794.6261 638.63586 1
 0.0854777940349661 1.509739911568944 0.1062451794443692 1 1311.1118 626.18414 1
 0.08433794395339832 1.510103332494936 0.1057868926177762 1 1660.2177 540.004 1
 0.08478745305780319 1.509994439529529 0.1056723370234519 1 1533.1936 494.30176 1
 0.08687111843290359 1.509764012945354 0.105395149489721 1 965.98376 381.8706 1
 0.08748757678898671 1.509775982437998 0.105302815591687 1 817.27435 355.56287 1
 0.08801873861293841 1.50980614257969 0.105221966369123 1 697.6903 336.68823 1
 0.08841326701219634 1.509829998458498 0.1051790703353623 1 613.69434 327.90884 1
 0.08871601710216705 1.509855945373586 0.1050956854776521 1 555.1184 310.67685 1
 0.08875122339362677 1.509884204987833 0.1049810067214021 1 555.217 285.11752 1
 0.08844799530122753 1.509838212782762 0.1048974093218284 1 619.8758 262.39496 1
 0.08803530808798349 1.509814496022541 0.1047717565710429 1 714.8117999999999 229.73238 1
 0.0875070068637008 1.509833208035888 0.1046766399749901 1 842.70465 207.31114 1
 0.08685892055641395 1.509825373065499 0.1046358554668558 1 1001.02435 195.9411 1
 0.0861458574284608 1.509801477181464 0.104580801014936 1 1182.2904 180.2167 1
 0.08543770917963911 1.509790490287934 0.1045115855701613 1 1370.826 162.90628 1
 0.08481782777458804 1.509810880194242 0.1044090764960738 1 1541.2734 140.92914 1
 0.08428911074809867 1.509827170314386 0.1043061757899782 1 1688.45 119.25819 1
 0.08387231266001235 1.509910289556956 0.1042031244250896 1 1804.6256 105.25718 1
 0.08360966966208815 1.510004353922438 0.1040871792947731 1 1876.7742 88.87991 1
 0.08357711170535849 1.510066287103257 0.1039455351160602 1 1885.7712 61.40348 1
 0.08372846756520928 1.510088855511893 0.1038138953248673 1 1845.7229 30.984098 1
 0.08402000631560823 1.510070176289473 0.1036902448237371 1 1768.9832 1.7875229 1
 0.08810405199365684 1.511727907051778 0.1029415751330925 1 927.1491 22.09044 1
 0.08785902659202621 1.511681856093126 0.1030912820067832 1 967.7174 44.709618 1
 0.08746627675906743 1.511645438405976 0.1032129413323248 1 1040.698 62.31979 1
 0.08696495147754961 1.511613352852652 0.1032872415654676 1 1140.4741 72.983345 1
 0.08638996903168028 1.511586084134046 0.1033077319101243 1 1260.6306 73.44624 1
 0.08577926302746222 1.511601324605726 0.1033021663231462 1 1394.3716 73.45144999999999 1
 0.08519449260790907 1.51162564269378 0.1032122984108892 1 1525.8279 57.476368 1
 0.08463328415332357 1.51159693856857 0.1030769944280433 1 1651.6409 28.734297 1
 0.08414683769468924 1.511654447114063 0.1029812502156561 1 1762.18 16.45373 1
 0.08372539135236139 1.511763552480031 0.1029990248811335 1 1857.008 32.86436 1
 0.0834407506064937 1.511883620394827 0.1031192283940812 1 1917.4032 70.83526000000001 1
 0.08368752600858601 1.512003160329251 0.1042910335696113 1 1862.3259 327.99805 1
 0.08419989155358085 1.511998888093034 0.1043802305626847 1 1745.303 342.84552 1
 0.08483302838080667 1.512007610112181 0.1044464658249348 1 1601.982 353.5202 1
 0.08550673153986493 1.511966986615848 0.104532880488184 1 1447.8845 363.69608 1
 0.08623889036749385 1.511914264573728 0.1046107508687945 1 1282.3258 371.75528 1
 0.08692969679605077 1.511930058506033 0.1047661717905206 1 1130.3318 401.8397 1
 0.08760183548969767 1.5120418057696 0.1049037694737206 1 993.7198 434.15335 1
 0.088139468185613 1.512085153913211 0.1050735743644805 1 883.86707 468.5084 1
 0.08850924848844359 1.512045834641673 0.1052572443612083 1 803.1276 502.0135 1
 0.08869656493627975 1.512030746547659 0.1054903845421765 1 758.33386 547.5561 1
 0.08860262452153364 1.511993832133421 0.1057928265734473 1 763.66504 609.4854 1
 0.08829618686146558 1.511914091821203 0.1060141133222802 1 810.31555 656.10474 1
 0.08784521723972639 1.511780348571911 0.1060929947879222 1 888.98425 672.6237 1
