# Created by Octave 4.0.0, Thu May 23 15:02:44 2024 PDT <caveman@RiffellCave1>
# name: corresp
# type: matrix
# rows: 507
# columns: 7
 0.08423585091896481 1.508244980935157 0.105343723217407 1 979.6531 891.00336 1
 0.08489306803923852 1.508237155837473 0.1052301570826551 1 738.4945 753.6578 1
 0.08558075143113532 1.5081566315523 0.105141435953639 1 494.35596 610.5626999999999 1
 0.08629180968961893 1.508129096573189 0.1050928055119654 1 256.4066 498.55362 1
 0.08695631491822566 1.508134785811074 0.1050719175795303 1 50.91795 416.47803 1
 0.0856987166601401 1.508550712489487 0.1047768016046225 1 552.3866 581.3509 1
 0.08507696474002138 1.508520739018254 0.1048542117288789 1 755.0516 675.7415999999999 1
 0.08453711745098084 1.508581970842009 0.1049560736107566 1 939.54425 794.1723 1
 0.08408813519966214 1.508635794187891 0.1050776888197184 1 1092.7191 908.76526 1
 0.08378114885312624 1.50866318512339 0.1052571709360607 1 1184.2676 1020.47235 1
 0.08365113842167521 1.508657988077891 0.1054654510731716 1 1203.1166 1114.1346 1
 0.08367459026951647 1.508623624886021 0.1056688982652823 1 1156.7731 1177.5051 1
 0.08416860193164867 1.508539761085748 0.1058691987485722 1 913.90063 1157.7477 1
 0.08463116747793288 1.50858569964964 0.1058710769204506 1 729.5511 1094.3008 1
 0.08516368900723011 1.508602266186538 0.1058255272838272 1 536.48334 999.30597 1
 0.08573722942533098 1.508573357867926 0.1057952701771703 1 334.3348 897.3068 1
 0.08633773228799206 1.508545461789222 0.1057796050025475 1 133.28365 801.3221 1
 0.08687111843290359 1.509764012945354 0.105395149489721 1 167.45692 866.89185 1
 0.08748757678898671 1.509775982437998 0.105302815591687 1 19.990232 773.3819999999999 1
 0.0875070068637008 1.509833208035888 0.1046766399749901 1 132.07497 626.87915 1
 0.08685892055641395 1.509825373065499 0.1046358554668558 1 310.26074 682.9858400000001 1
 0.0861458574284608 1.509801477181464 0.104580801014936 1 520.0343 742.06494 1
 0.08543770917963911 1.509790490287934 0.1045115855701613 1 744.5765 801.7574499999999 1
 0.08481782777458804 1.509810880194242 0.1044090764960738 1 956.5151 848.47504 1
 0.08428911074809867 1.509827170314386 0.1043061757899782 1 1144.6483 885.1395 1
 0.08387231266001235 1.509910289556956 0.1042031244250896 1 1296.086 919.80914 1
 0.08360966966208815 1.510004353922438 0.1040871792947731 1 1396.0372 934.09827 1
 0.08357711170535849 1.510066287103257 0.1039455351160602 1 1422.5455 909.3073000000001 1
 0.08372846756520928 1.510088855511893 0.1038138953248673 1 1388.8018 860.33075 1
 0.08402000631560823 1.510070176289473 0.1036902448237371 1 1311.3612 790.8605 1
 0.08441928045643804 1.510019226963696 0.1036032994591295 1 1196.9753 717.30475 1
 0.08496087177410967 1.509949388666845 0.1035058464323168 1 1042.8479 623.0136 1
 0.08556190994700857 1.509882501386556 0.1034732233675533 1 866.5674 541.4703 1
 0.08622830173330209 1.509871904250404 0.1034535294769063 1 677.80493 470.49164 1
 0.08689183239172464 1.509874194331682 0.1034220966762165 1 501.91046 403.27615 1
 0.08748645973192166 1.509864602161808 0.1034185998880368 1 348.6208 349.22632 1
 0.08799851672181183 1.509813561646467 0.1033914394150192 1 224.17339 291.29944 1
 0.08808673053743946 1.50963719914241 0.1027847701399772 1 288.06534 127.79333 1
 0.08750539697898502 1.50955588195718 0.1027553743357957 1 429.8644 147.67148 1
 0.0868455988520322 1.509532402853421 0.1027362862759798 1 602.296 189.85162 1
 0.08618615331916317 1.509584443478813 0.1026924028671153 1 790.338 245.88553 1
 0.085554822722504 1.509650521273219 0.1026183671619565 1 981.2116 298.42145 1
 0.08498785323348046 1.509779442590207 0.1025660772999398 1 1154.1709 365.08813 1
 0.08449806357234799 1.509883484353794 0.1025268451687238 1 1303.9246 422.1747 1
 0.0840771082885565 1.509916781983446 0.1025073777107179 1 1431.4111 464.0302 1
 0.08381862813275262 1.509960730949242 0.1024831864109749 1 1510.8721 491.47217 1
 0.0838765009774214 1.510002656170992 0.1023750682111933 1 1503.2085 469.6851 1
 0.08415967395941817 1.510025661760297 0.1022393923139671 1 1432.5784 417.66528 1
 0.08458024390580313 1.509983422719519 0.1020878912597638 1 1326.8674 338.6979 1
 0.0851600275751833 1.509926479858388 0.1018911795649652 1 1184.57 236.05347 1
 0.08577330397713016 1.509795646605476 0.1017665040155697 1 1029.2782 135.91182 1
 0.08654077198122488 1.50976724350341 0.1016153090470352 1 844.43207 44.58977 1
 0.08403087689931112 1.509956311836767 0.100141996033593 1 1653.9077 4.6654315 1
 0.08374850651088443 1.509932451402883 0.1000587774893443 1 1735.0706 5.957566 1
 0.08377924780648253 1.512189463724745 0.09761196379763235 1 1802.6127 34.095924 1
 0.0836359102821502 1.512184121502295 0.09795995274853699 1 1814.4344 89.94192 1
 0.08369082445833526 1.512142263283634 0.09833121490748761 1 1784.4384 132.64595 1
 0.08396457705347284 1.512075508338255 0.09859482007639232 1 1713.1184 143.26028 1
 0.08437952366922191 1.51200479226336 0.09876976409544964 1 1614.7802 131.46133 1
 0.08493931871978293 1.512047053083395 0.09888434731826565 1 1485.8358 120.455765 1
 0.08558814875063844 1.512001306479195 0.09892991618410668 1 1345.2982 81.18744 1
 0.08623468123924802 1.511932487357131 0.09901101030070918 1 1202.8517 42.39821 1
 0.08691714614509265 1.511934133229557 0.09908701170139085 1 1055.6072 14.557908 1
 0.08753452333575461 1.511945968078694 0.09918982023945379 1 922.52466 0.2552817 1
 0.08801837309011538 1.512023835522817 0.0993302656604939 1 814.7975 3.8343623 1
 0.08832071729966007 1.512039981003399 0.09952129155375172 1 737.9062 16.204962 1
 0.08846386136209881 1.511949485346689 0.09969644536917685 1 690.41095 18.460768 1
 0.08641204507596671 1.511739953037968 0.10050539115559 1 1029.4661 225.74335 1
 0.085848466395696 1.511748099135638 0.1004149248665205 1 1163.8894 251.18277 1
 0.08527125366756928 1.511751111080424 0.1003256726063298 1 1303.4392 276.28488 1
 0.08471073473608669 1.511838970340089 0.1003170626930839 1 1432.5641 328.25336 1
 0.08421999471709478 1.511927060523648 0.1003819199006571 1 1540.378 388.2636 1
 0.08380440182787591 1.511961436993726 0.1005464082081056 1 1625.166 453.61697 1
 0.08352129606543285 1.51198664405138 0.1007744770592281 1 1675.4415 520.4928 1
 0.08348976738070234 1.512027256593041 0.101005919270001 1 1665.0656 572.6682 1
 0.08363736242803541 1.512071950769425 0.1012567111095377 1 1609.0973 616.35376 1
 0.08390080202891945 1.511940022084445 0.1015007954474215 1 1528.3492 623.1022 1
 0.08429702444496318 1.511798438354415 0.1017294217241407 1 1413.1978 614.1396 1
 0.08487283294953463 1.511710665515676 0.1018455826399754 1 1259.7832 576.54346 1
 0.08555544942634477 1.511761830508257 0.1019325680216457 1 1083.3741 547.1154 1
 0.08623763685315726 1.511840870543692 0.1020374504758185 1 910.4019 526.3858 1
 0.08689680992055134 1.511871635581271 0.1021011102059392 1 752.1259 492.746 1
 0.08748876793899185 1.511883906381684 0.1021473887570545 1 615.51636 459.09952 1
 0.08795809196496626 1.511867670636256 0.1022428959940296 1 502.3599 439.38953 1
 0.08821654725835837 1.511872339829502 0.1024580720090203 1 420.9059 459.76596 1
 0.08810405199365684 1.511727907051778 0.1029415751330925 1 376.4569 534.205 1
 0.08785902659202621 1.511681856093126 0.1030912820067832 1 407.5183 574.7898 1
 0.08746627675906743 1.511645438405976 0.1032129413323248 1 477.5018 624.2598 1
 0.08696495147754961 1.511613352852652 0.1032872415654676 1 582.0356 677.6452 1
 0.08638996903168028 1.511586084134046 0.1033077319101243 1 716.62976 728.24554 1
 0.08577926302746222 1.511601324605726 0.1033021663231462 1 870.1541999999999 784.64154 1
 0.08519449260790907 1.51162564269378 0.1032122984108892 1 1031.7672 821.69147 1
 0.08463328415332357 1.51159693856857 0.1030769944280433 1 1194.1561 839.4416 1
 0.08414683769468924 1.511654447114063 0.1029812502156561 1 1333.4957 871.3821 1
 0.08372539135236139 1.511763552480031 0.1029990248811335 1 1442.7699 930.42633 1
 0.0834407506064937 1.511883620394827 0.1031192283940812 1 1505.4105 1002.24524 1
