# Created by Octave 4.0.0, Thu May 23 15:02:44 2024 PDT <caveman@RiffellCave1>
# name: corresp
# type: matrix
# rows: 418
# columns: 7
 0.08522971626860207 1.508311444805814 0.09639454612278898 1 1898.0243 1002.6543 1
 0.08588841404264833 1.508294518583267 0.0962440296795859 1 1651.4484 983.782 1
 0.08714537499680321 1.5082459053538 0.09604472380249052 1 1136.2118 969.5949000000001 1
 0.08774409721946393 1.508216694360478 0.09590353806301552 1 870.394 937.8339 1
 0.08826762067213093 1.508156111405038 0.09571085596613872 1 631.1743 873.2549 1
 0.08841658673873923 1.508065577375555 0.09519972808990479 1 542.49567 657.1656 1
 0.08804716902360289 1.508191835517545 0.09517784248950921 1 702.4188 657.3397 1
 0.08750731528838157 1.508170154314039 0.09514919964680395 1 926.2604 620.63446 1
 0.08687314203095367 1.508215588265729 0.09521263752208842 1 1187.4408 627.7884 1
 0.086215685767314 1.50823653212557 0.09526058526325636 1 1444.1781 622.86676 1
 0.08561423545822819 1.508246274601987 0.09520574074091329 1 1655.1162 581.9449499999999 1
 0.08500283067766405 1.508146655809694 0.09513235131430502 1 1865.5243 517.37103 1
 0.08481624428750914 1.50832839206882 0.09421519621240343 1 1801.0116 260.6094 1
 0.08552781501090151 1.508307613897258 0.09397731919874631 1 1559.1875 200.34515 1
 0.0862500554617988 1.5083379883473 0.0938011944628253 1 1299.2778 167.81168 1
 0.08690055225450559 1.508310334847768 0.09360212480872224 1 1060.0128 116.87591 1
 0.08746117779096882 1.508272773192433 0.09345397652793203 1 852.7154 78.26804 1
 0.08794212534733731 1.508196965501508 0.09332987078473678 1 674.2515 38.105473 1
 0.08382708164779633 1.509098526595015 0.09305518625436297 1 1867.7843 89.42346999999999 1
 0.08433729335927512 1.509148467456 0.09315974237261625 1 1742.9769 127.06851 1
 0.08491548794211566 1.509247289116594 0.09321629653369184 1 1585.9861 164.48743 1
 0.08547798414755224 1.509148249890583 0.09320049951087825 1 1435.5656 150.7312 1
 0.08607327320864842 1.50910083812065 0.09314936720941995 1 1259.841 138.21777 1
 0.08665860720167939 1.509103318382297 0.09309680487584122 1 1077.0165 135.44418 1
 0.08718085772940126 1.508998162818511 0.09305445384257439 1 913.3647 114.50075 1
 0.08768389208397523 1.508965354788256 0.09302416222547118 1 750.05786 111.09837 1
 0.08812159359445443 1.508959859495901 0.09299094746169223 1 602.62415 110.66642 1
 0.08833541767954678 1.508919983694024 0.09418532679716587 1 562.1396999999999 452.60522 1
 0.08798373480343363 1.508927235751815 0.09435946078664303 1 693.6814000000001 498.16757 1
 0.08758685670262838 1.508921668656639 0.09446436848150104 1 841.9098 519.0364 1
 0.08716844304526983 1.508945280997617 0.09457343061926532 1 995.6665 543.9116 1
 0.08673659090479505 1.508995668140668 0.09465983235481328 1 1150.343 565.9852 1
 0.08627562414493713 1.509025714043255 0.09473134189070255 1 1310.6865 578.3661499999999 1
 0.08579525924769076 1.509006077483871 0.09479816553291988 1 1475.7563 580.32825 1
 0.08531178064976974 1.508961696260407 0.09482854800636056 1 1635.703 566.84265 1
 0.08484845295292481 1.508932607907261 0.09482917069012567 1 1779.0521 548.1645 1
 0.08439789590007678 1.508860530253933 0.09484437358672079 1 1915.5284 527.4001 1
 0.08500446371699129 1.509119185553497 0.09613741208250386 1 1825.4935 993.4838 1
 0.08558384011724471 1.509167953441641 0.0962566849763507 1 1646.229 1070.7346 1
 0.08620155330210934 1.509194389257876 0.09635586739831932 1 1442.4128 1142.119 1
 0.08678359637073586 1.509121382191905 0.09642697499932565 1 1244.3534 1192.5594 1
 0.08561782427527929 1.510079311290799 0.09638620687089469 1 1546.1554 1193.1667 1
 0.08627458158592149 1.510133843355219 0.09612834150635789 1 1322.8798 1151.1953 1
 0.08691516658271888 1.510158667138142 0.09588664587362926 1 1103.184 1106.1375 1
 0.08750752466923845 1.510194414609749 0.09569593941974586 1 899.6762 1072.9747 1
 0.08801931971740846 1.51021416803096 0.09556851387386162 1 726.2322 1053.2323 1
 0.08844964455059551 1.510226699926403 0.09542248020096369 1 580.08386 1023.00464 1
 0.08877684106459148 1.510226849700892 0.09524171256832833 1 468.70627 976.9989 1
 0.08890395055501241 1.510209690602283 0.09505523664247706 1 423.18686 922.3567 1
 0.08874809972784439 1.510135697856201 0.09491970539860831 1 468.0185 867.586 1
 0.08846104035591432 1.510138241605908 0.09473131023406305 1 554.74335 803.16675 1
 0.08805852462561635 1.5101866978818 0.09459731275760623 1 678.64557 757.5311 1
 0.08755617509072408 1.510278006752553 0.09451017067559522 1 831.398 728.72906 1
 0.08697500721167697 1.510369326061945 0.09444106394280545 1 1002.3598 703.19543 1
 0.08634062593201353 1.510375392339936 0.09439328118662775 1 1185.8192 671.8608 1
 0.08450267385285938 1.510318865035527 0.09433560666818905 1 1685.2655 596.43854 1
 0.08420841367020213 1.510309023887052 0.0943560240396063 1 1759.9552 591.4118999999999 1
 0.08408564637198226 1.51028427017654 0.09423943523908175 1 1783.4265 556.04803 1
 0.08418041933444535 1.510325502358398 0.09396238945772575 1 1735.5149 496.17618 1
 0.08440717803806454 1.510353231877207 0.09374685561789788 1 1662.0337 453.1398 1
 0.08475121943001164 1.510348803227922 0.09359305680489322 1 1566.3329 423.23718 1
 0.08523347121949126 1.510343252236731 0.09343607083507925 1 1433.4242 395.23657 1
 0.08582504068760838 1.510343117073006 0.09330227763741766 1 1269.3925 375.55823 1
 0.08648881885888288 1.510406664181706 0.09311916922835922 1 1077.2114 355.01892 1
 0.08713287883145954 1.510452097245614 0.09288260686508758 1 889.1663 319.25375 1
 0.08769475274193635 1.510435977903735 0.09268957040886083 1 728.2107999999999 283.27786 1
 0.08820503481390969 1.510469799175633 0.09252421092940986 1 584.1415 261.14804 1
 0.08823120260081985 1.510242423224075 0.09172954777904566 1 560.4699000000001 53.568943 1
 0.08774876099444633 1.510171291913827 0.09174325065893592 1 689.71313 35.2023 1
 0.08717274494443651 1.510098725030357 0.0917912227906473 1 845.6937 22.575565 1
 0.08656061431701656 1.510072078475732 0.09182313800142342 1 1009.9299 15.195959 1
 0.08598397934010206 1.510092347119504 0.09177223416806925 1 1156.2 2.41806 1
 0.0881163270015799 1.510906373568227 0.09122146256994031 1 587.1934 55.324623 1
 0.08759893422403367 1.510976596637278 0.09138752979358236 1 717.6255 89.0386 1
 0.08700763066196718 1.511155964364741 0.09159895693782957 1 865.74646 146.41257 1
 0.08636508476077756 1.511296901026417 0.09172635267584654 1 1020.8567 181.06517 1
 0.08570741858243951 1.511399309642677 0.09184075635336623 1 1175.1923 206.47353 1
 0.08506179094563605 1.511477219544388 0.09198016069705023 1 1324.4573 235.3126 1
 0.08445885657597406 1.511503783727697 0.09207898785298133 1 1459.982 249.37167 1
 0.08365235143231321 1.511782079042482 0.09233786395401317 1 1626.4008 320.39847 1
 0.08360636103106911 1.511951585340273 0.09246572914379959 1 1631.5676 364.55548 1
 0.08381860204329179 1.512077687963061 0.09256462915645412 1 1585.9684 401.62985 1
 0.0841769217529839 1.51210467125527 0.09271509236305477 1 1518.5143 440.5017 1
 0.08463987080335249 1.512141075284719 0.09283638757136933 1 1426.2231 477.55383 1
 0.08681273033748479 1.512064936942356 0.09309501308182511 1 946.5671 568.8379 1
 0.08738583998735536 1.51191370393431 0.09304913590061643 1 808.6229 554.62445 1
 0.08789684506523296 1.511801533516202 0.09307805478300346 1 683.5353 559.6083 1
 0.08836359091181997 1.511748146772278 0.09314604686006682 1 567.6552 579.24384 1
 0.08879425197819969 1.511693819232871 0.09325386144232099 1 459.88358 607.4914 1
 0.08889558079966429 1.511607062267389 0.0939027657660098 1 442.33475 754.5337500000001 1
 0.08839192633781176 1.511625477744405 0.09404842728767575 1 578.5922 779.71423 1
 0.08770398480596507 1.511660152123689 0.09421132863685465 1 765.47925 805.5981399999999 1
 0.08698069832925215 1.511749441698918 0.09434960222282479 1 958.6267 828.7421000000001 1
 0.08631224118851472 1.511815111591722 0.09440411644613579 1 1129.8015 829.3553000000001 1
