# Created by Octave 4.0.0, Thu May 23 15:02:44 2024 PDT <caveman@RiffellCave1>
# name: corresp
# type: matrix
# rows: 442
# columns: 7
 0.08575651580013087 1.508126067779482 0.09986767915293494 1 259.85373 773.7054000000001 1
 0.08512505461198176 1.508193908561027 0.09977170305979055 1 555.31274 869.26514 1
 0.08453950417292788 1.508275405032522 0.09967327028419821 1 841.08734 958.7263 1
 0.08401687071847259 1.508232861266142 0.0995157183075899 1 1115.0428 980.9503999999999 1
 0.08356678984979161 1.508153793453955 0.09935179252587929 1 1362.4404 976.1404 1
 0.08328533982198325 1.508099956637631 0.09918688575413598 1 1527.7899 945.192 1
 0.08326480241447877 1.508138692951246 0.09902107551662334 1 1561.0945 892.5996 1
 0.08362392619903518 1.508277507771816 0.09881650765487816 1 1419.5741 790.52496 1
 0.08405289784905456 1.508345333127531 0.09867953980565836 1 1249.4117 689.6373 1
 0.0845667747943013 1.508333168166104 0.09858518012827673 1 1046.6245 573.648 1
 0.08517103926607203 1.508259817166577 0.09851649052808563 1 810.45154 440.0324 1
 0.08591132887964402 1.5082964931803 0.09845275851390635 1 536.4249 326.36362 1
 0.08665849886478239 1.508323557646742 0.09835264072617193 1 291.1321 208.78468 1
 0.08730946053497245 1.508306574147636 0.09824105973501923 1 99.906265 98.574326 1
 0.08575338634128286 1.508246559114863 0.09743091815908679 1 792.8157 49.50604 1
 0.08516954260796612 1.508282152970859 0.09740928768685352 1 1012.49176 124.34594 1
 0.08458187574146671 1.508241994754236 0.09742799113659009 1 1235.9406 192.60411 1
 0.084070945794516 1.508183684366341 0.09742462645841951 1 1441.445 242.89351 1
 0.08373178566944496 1.508139990147471 0.0973147310824881 1 1595.2633 244.35365 1
 0.08356840824469444 1.508194994092805 0.09721903159225384 1 1669.7947 252.6789 1
 0.08369141423604404 1.50819358320886 0.09699069480903584 1 1647.0319 173.94005 1
 0.08411629918322018 1.508351750799641 0.09674582503510673 1 1503.4714 101.665825 1
 0.08367588493666406 1.508925391043833 0.09546754496028365 1 1756.7202 6.4960284 1
 0.08381547269989037 1.508984329041793 0.09575085056689082 1 1681.0253 67.82761000000001 1
 0.08409125903442657 1.509011743734036 0.09590578691207741 1 1572.7015 79.24409 1
 0.08449777151377576 1.509067985762059 0.0960222219003498 1 1422.3927 75.73096 1
 0.08500446371699129 1.509119185553497 0.09613741208250386 1 1240.1495 60.626198 1
 0.08558384011724471 1.509167953441641 0.0962566849763507 1 1037.3644 39.27045 1
 0.08620155330210934 1.509194389257876 0.09635586739831932 1 829.8918 6.6440306 1
 0.08768650672508523 1.508836222638338 0.09792993107291205 1 89.60417 122.2725 1
 0.08720041784543525 1.508871980821408 0.09801604921861207 1 219.47586 204.08165 1
 0.08669553454242586 1.508893212380273 0.09806578298115595 1 369.71805 279.49435 1
 0.08616991084105913 1.508901892892486 0.09810616116595726 1 537.07983 356.25824 1
 0.08564942758958767 1.508898711332879 0.09808226113742033 1 723.06793 415.1259 1
 0.0851599190028479 1.508916485739487 0.09802327259226966 1 910.9716 467.2681 1
 0.08472777369648825 1.50893924351178 0.09789821924957089 1 1091.7732 494.62134 1
 0.08433981035376177 1.508924231224584 0.09778077997873276 1 1256.3574 508.41425 1
 0.08402817143283393 1.508908040642281 0.09774068095185823 1 1381.8741 533.5795000000001 1
 0.08383810089754039 1.508936063087905 0.09781627965399159 1 1442.6138 590.5549 1
 0.08374570766846164 1.508949477347453 0.0980148749833384 1 1450.6528 667.6879 1
 0.08377577032877676 1.508931886771 0.09826267249987658 1 1404.6874 738.03235 1
 0.08397862220695085 1.508914595297244 0.09844165912414275 1 1297.5945 762.5469399999999 1
 0.0842810933053755 1.508861181893645 0.09858612644549397 1 1154.5809 752.3346 1
 0.08467939641205448 1.508830711645551 0.098695156238919 1 976.8861000000001 720.8529 1
 0.08516229902673869 1.508830418476743 0.09876352196564779 1 775.06555 670.58295 1
 0.0857081666582942 1.508839555971886 0.09881453600359831 1 559.33075 608.7957 1
 0.08627182293714526 1.508841549127121 0.09886524562681324 1 346.54376 544.6103000000001 1
 0.08679339340855372 1.508767983134337 0.09890848555451776 1 154.64206 467.58267 1
 0.08560060904090999 1.508659647647874 0.1004252353828677 1 231.3034 1140.3909 1
 0.0852666747411772 1.510078791000636 0.099374152139681 1 654.0648 1110.1592 1
 0.08595625077201782 1.510104485188509 0.09918064577828876 1 458.40634 956.41437 1
 0.0866717484962171 1.510101135102952 0.09903350341414308 1 260.19623 815.5469399999999 1
 0.08736454404132014 1.510067399572557 0.09891813889055628 1 75.92189999999999 688.2187 1
 0.08815369918818126 1.509931997625278 0.0980607100678763 1 12.907465 360.3986 1
 0.08760366548264745 1.509912836486237 0.09804881405748064 1 160.69585 411.5545 1
 0.08699680994375275 1.509932734071376 0.09800671304815281 1 340.76764 472.40625 1
 0.08635505337166077 1.509969873161008 0.09796431657267091 1 541.13416 544.1316 1
 0.08572169373351707 1.510001934489456 0.09791995781184841 1 747.29266 615.5448 1
 0.08513750781486576 1.510021352968841 0.09784899277565569 1 948.41895 673.35504 1
 0.08461738451403535 1.510025029918278 0.0977589593702622 1 1134.1355 714.36346 1
 0.08419362890681578 1.510032185154634 0.09770545353712394 1 1284.3035 754.20856 1
 0.08388708739243637 1.510040787125683 0.0976614800126193 1 1393.9369 782.1299 1
 0.08369322430222026 1.51002280677579 0.09757248045511036 1 1471.7122 777.9416 1
 0.0836850752206782 1.510007767664742 0.09741998668310388 1 1493.1243 733.6982400000001 1
 0.08386741642414904 1.51001972452517 0.09723151232800009 1 1453.2856 662.9806 1
 0.08416932571522114 1.510026135825712 0.09703205831694343 1 1376.6898 576.21356 1
 0.08454673005362287 1.510026257663023 0.09683702445883934 1 1278.1447 483.9583 1
 0.08503104391587621 1.510056406723702 0.09662164385766897 1 1151.8373 385.34692 1
 0.08561782427527929 1.510079311290799 0.09638620687089469 1 1003.6381 276.30212 1
 0.08627458158592149 1.510133843355219 0.09612834150635789 1 847.9974 168.6803 1
 0.08691516658271888 1.510158667138142 0.09588664587362926 1 705.1815 67.96066999999999 1
 0.08450267385285938 1.510318865035527 0.09433560666818905 1 1538.269 23.564573 1
 0.08420841367020213 1.510309023887052 0.0943560240396063 1 1617.4828 50.905468 1
 0.08408564637198226 1.51028427017654 0.09423943523908175 1 1661.501 35.441193 1
 0.08365235143231321 1.511782079042482 0.09233786395401317 1 1825.6498 39.694916 1
 0.08360636103106911 1.511951585340273 0.09246572914379959 1 1820.8844 91.626755 1
 0.08381860204329179 1.512077687963061 0.09256462915645412 1 1761.2245 112.48113 1
 0.0841769217529839 1.51210467125527 0.09271509236305477 1 1670.5233 115.57809 1
 0.08463987080335249 1.512141075284719 0.09283638757136933 1 1555.7736 104.754616 1
 0.08770398480596507 1.511660152123689 0.09421132863685465 1 743.2993 12.408434 1
 0.08698069832925215 1.511749441698918 0.09434960222282479 1 891.3614 102.1964 1
 0.08631224118851472 1.511815111591722 0.09440411644613579 1 1040.761 173.5971 1
 0.08567554731022885 1.511885950718048 0.09447220518445755 1 1184.7126 248.13908 1
 0.0850724461738767 1.511932456938638 0.09457138490441767 1 1320.8331 323.1314 1
 0.08455810774284327 1.511923027211477 0.09467694652228208 1 1438.7223 384.13574 1
 0.08415561725524212 1.511991096120556 0.09486681295271512 1 1521.1338 466.18842 1
 0.08393276755988684 1.512036662339375 0.09506225819395155 1 1559.4647 531.1801 1
 0.0839593462156967 1.512108037274877 0.09524862675220368 1 1534.346 577.1481 1
 0.08416793582368717 1.512133140868689 0.0954462334371618 1 1462.9579 601.89545 1
 0.08451248171975137 1.512078691487534 0.09564403298223753 1 1357.9652 601.49976 1
 0.08496399447891899 1.512034702021451 0.0958786811283163 1 1219.3693 600.2111 1
 0.08557909499038677 1.51198049756994 0.0959711830148712 1 1050.9481 555.2005 1
 0.08622755363557739 1.511983889469409 0.09613143182567989 1 870.374 525.9073 1
 0.08685608427417808 1.512012433610962 0.0963278524902183 1 692.0744 511.98544 1
