# Created by Octave 4.0.0, Thu May 23 15:02:44 2024 PDT <caveman@RiffellCave1>
# name: corresp
# type: matrix
# rows: 482
# columns: 7
 0.08632543261692473 1.508140817496777 0.1006447306063036 1 549.6374 1185.5311 1
 0.08703679186180832 1.508182470646122 0.1005491735282711 1 342.89877 1115.6699 1
 0.08808203969702447 1.508065908109814 0.1001904452258833 1 35.608994 968.37994 1
 0.08764488668662414 1.50810876093151 0.1001354942650782 1 155.22493 967.0286 1
 0.08709276875730414 1.508137906567776 0.1000759112116136 1 312.37772 969.568 1
 0.08644762942332357 1.508113034964977 0.09996446647217752 1 501.54208 963.0408 1
 0.08575651580013087 1.508126067779482 0.09986767915293494 1 728.2772 957.12305 1
 0.08512505461198176 1.508193908561027 0.09977170305979055 1 955.77014 941.413 1
 0.08453950417292788 1.508275405032522 0.09967327028419821 1 1175.511 919.39215 1
 0.08401687071847259 1.508232861266142 0.0995157183075899 1 1370.034 884.2975 1
 0.08356678984979161 1.508153793453955 0.09935179252587929 1 1543.8046 844.92084 1
 0.08328533982198325 1.508099956637631 0.09918688575413598 1 1656.9906 794.4287 1
 0.08326480241447877 1.508138692951246 0.09902107551662334 1 1670.4152 727.2866 1
 0.08362392619903518 1.508277507771816 0.09881650765487816 1 1538.2638 627.60767 1
 0.08405289784905456 1.508345333127531 0.09867953980565836 1 1378.8698 559.8810999999999 1
 0.0845667747943013 1.508333168166104 0.09858518012827673 1 1185.5847 512.19794 1
 0.08517103926607203 1.508259817166577 0.09851649052808563 1 956.70795 476.2125 1
 0.08591132887964402 1.5082964931803 0.09845275851390635 1 700.888 437.0632 1
 0.08665849886478239 1.508323557646742 0.09835264072617193 1 460.89465 389.17935 1
 0.08730946053497245 1.508306574147636 0.09824105973501923 1 263.247 343.29468 1
 0.08786685559546556 1.5082491871697 0.09812323571893801 1 99.43553 301.8206 1
 0.0881180359942578 1.508032351864952 0.09758463724955621 1 0.8435805 126.17321 1
 0.08757337877881553 1.508081852485446 0.09755891107212523 1 149.66586 113.23396 1
 0.0869627270453297 1.508199760614271 0.09755143374688599 1 348.71707 107.01181 1
 0.08636153302068482 1.508216171672049 0.09747908475337291 1 542.4609400000001 79.58620500000001 1
 0.08575338634128286 1.508246559114863 0.09743091815908679 1 754.06165 62.77164 1
 0.08516954260796612 1.508282152970859 0.09740928768685352 1 968.3592 56.713078 1
 0.08458187574146671 1.508241994754236 0.09742799113659009 1 1186.018 67.281364 1
 0.084070945794516 1.508183684366341 0.09742462645841951 1 1382.1085 70.5968 1
 0.08373178566944496 1.508139990147471 0.0973147310824881 1 1517.158 31.522085 1
 0.08356840824469444 1.508194994092805 0.09721903159225384 1 1584.8446 2.8214793 1
 0.08853829976147881 1.508838410696339 0.09766382253291196 1 38.063263 151.35275 1
 0.08768650672508523 1.508836222638338 0.09792993107291205 1 248.19167 230.70894 1
 0.08720041784543525 1.508871980821408 0.09801604921861207 1 386.43344 259.5797 1
 0.08669553454242586 1.508893212380273 0.09806578298115595 1 535.1409 278.94644 1
 0.08616991084105913 1.508901892892486 0.09810616116595726 1 696.4783 296.787 1
 0.08564942758958767 1.508898711332879 0.09808226113742033 1 862.7353000000001 294.4696 1
 0.0851599190028479 1.508916485739487 0.09802327259226966 1 1028.1469 279.7583 1
 0.08472777369648825 1.50893924351178 0.09789821924957089 1 1179.2443 241.25325 1
 0.08433981035376177 1.508924231224584 0.09778077997873276 1 1315.4609 204.63437 1
 0.08402817143283393 1.508908040642281 0.09774068095185823 1 1426.1743 193.87518 1
 0.08383810089754039 1.508936063087905 0.09781627965399159 1 1494.2896 225.52591 1
 0.08374570766846164 1.508949477347453 0.0980148749833384 1 1525.0516 298.56082 1
 0.08377577032877676 1.508931886771 0.09826267249987658 1 1510.0682 387.36823 1
 0.08397862220695085 1.508914595297244 0.09844165912414275 1 1434.3838 448.1202 1
 0.0842810933053755 1.508861181893645 0.09858612644549397 1 1322.6803 495.23453 1
 0.08467939641205448 1.508830711645551 0.098695156238919 1 1179.7072 526.39874 1
 0.08516229902673869 1.508830418476743 0.09876352196564779 1 1013.4433 539.6355 1
 0.0857081666582942 1.508839555971886 0.09881453600359831 1 833.17096 545.06177 1
 0.08627182293714526 1.508841549127121 0.09886524562681324 1 655.0804000000001 550.0388 1
 0.08679339340855372 1.508767983134337 0.09890848555451776 1 488.19028 556.82916 1
 0.08726507215136506 1.508663987931756 0.09896245686098576 1 337.76053 569.3823 1
 0.08770950430449673 1.508596820512606 0.09902319222031258 1 206.54665 582.5962500000001 1
 0.08814837153242541 1.508595504265179 0.09906288761871816 1 94.28523 585.7143600000001 1
 0.08831197236673766 1.508593917959989 0.09978436482037424 1 63.239296 798.16315 1
 0.08797047158258554 1.508559830430805 0.09989351040436188 1 143.17673 844.1977000000001 1
 0.08756089722735783 1.508596825378045 0.100030308672948 1 256.3768 897.19257 1
 0.08709813212561827 1.508624806440791 0.1001563789627222 1 387.72934 950.4848 1
 0.08661019375011877 1.508655303537563 0.1002535045689324 1 532.17017 996.7053 1
 0.08560060904090999 1.508659647647874 0.1004252353828677 1 841.103 1089.5288 1
 0.08513761989871609 1.508667126528868 0.1004640359084649 1 991.4672 1120.1873 1
 0.08470562934734119 1.508636574748268 0.1004598744999031 1 1131.8392 1139.1757 1
 0.08430302454262142 1.508622347715928 0.1004630405193682 1 1268.2814 1157.0598 1
 0.08393027868247692 1.508583257533215 0.100501045252667 1 1394.2527 1187.7578 1
 0.08730932540975772 1.509721344344031 0.1014609716023825 1 490.32 1195.8108 1
 0.08798562006007141 1.509730761723004 0.1013450666060239 1 331.02432 1141.4568 1
 0.08852988725825585 1.509771924072236 0.1012422484436031 1 213.4556 1091.1134 1
 0.08811235687176983 1.509764696998874 0.1005343904990211 1 295.74573 930.0691 1
 0.0875349453469967 1.509783620373315 0.1004576179243632 1 434.43076 927.6801 1
 0.0868519362250684 1.509777127670101 0.1004395230020955 1 605.84906 945.5833 1
 0.08616638468630544 1.509758959026396 0.1003693650788093 1 787.56854 949.69116 1
 0.08554291305585521 1.509774456274141 0.1002473680953127 1 965.1171000000001 933.2458 1
 0.08501340632253111 1.509882955489892 0.1001588351331235 1 1127.7335 914.56366 1
 0.08448709975407945 1.509928301886923 0.1001432992928758 1 1286.0054 921.1568600000001 1
 0.08403087689931112 1.509956311836767 0.100141996033593 1 1423.3752 930.3765 1
 0.08374850651088443 1.509932451402883 0.1000587774893443 1 1509.5123 915.2768600000001 1
 0.08371008344354094 1.509919046113269 0.09993229992178027 1 1524.0262 879.83606 1
 0.08390515629694539 1.509968463181185 0.09980488124321671 1 1468.7018 833.4219000000001 1
 0.08424665539160363 1.510029667498096 0.09968132931414285 1 1370.0007 784.05566 1
 0.08468734338131263 1.510040194569388 0.09954240973737252 1 1241.0228 731.76764 1
 0.0852666747411772 1.510078791000636 0.099374152139681 1 1074.8519 666.84827 1
 0.08595625077201782 1.510104485188509 0.09918064577828876 1 882.217 594.8771 1
 0.0866717484962171 1.510101135102952 0.09903350341414308 1 687.71497 539.6778 1
 0.08736454404132014 1.510067399572557 0.09891813889055628 1 505.00684 497.25745 1
 0.08798216048335343 1.510009706557739 0.09884845379120336 1 347.32034 470.96414 1
 0.0884662049059472 1.509935345466035 0.09881814501728671 1 225.41975 459.02365 1
 0.08896762931498516 1.509869749960252 0.0986287785804007 1 105.510086 404.84528 1
 0.08898569077087304 1.509892961024812 0.09846455815891818 1 104.60106 360.72736 1
 0.08886050679121195 1.509915709517563 0.09825454005349259 1 134.49277 303.95215 1
 0.08857788438182351 1.509927853020485 0.09811106301638696 1 198.30144 266.26434 1
 0.08815369918818126 1.509931997625278 0.0980607100678763 1 295.62814 255.18091 1
 0.08760366548264745 1.509912836486237 0.09804881405748064 1 426.5091 254.32285 1
 0.08699680994375275 1.509932734071376 0.09800671304815281 1 585.05493 245.63782 1
 0.08635505337166077 1.509969873161008 0.09796431657267091 1 763.8169 236.94357 1
 0.08572169373351707 1.510001934489456 0.09791995781184841 1 947.6403 228.47179 1
