# Created by Octave 4.0.0, Thu May 23 15:02:44 2024 PDT <caveman@RiffellCave1>
# name: corresp
# type: matrix
# rows: 699
# columns: 7
 0.08632543261692473 1.508140817496777 0.1006447306063036 1 1170.6708 82.317894 1
 0.08703679186180832 1.508182470646122 0.1005491735282711 1 1352.1947 176.42648 1
 0.08808203969702447 1.508065908109814 0.1001904452258833 1 1623.2052 329.62183 1
 0.08764488668662414 1.50810876093151 0.1001354942650782 1 1487.9253 299.72784 1
 0.08709276875730414 1.508137906567776 0.1000759112116136 1 1320.0929 256.46872 1
 0.08644762942332357 1.508113034964977 0.09996446647217752 1 1123.3011 203.20435 1
 0.08575651580013087 1.508126067779482 0.09986767915293494 1 918.3521 154.4373 1
 0.08512505461198176 1.508193908561027 0.09977170305979055 1 737.8006 127.30246 1
 0.08453950417292788 1.508275405032522 0.09967327028419821 1 578.37445 110.37283 1
 0.08401687071847259 1.508232861266142 0.0995157183075899 1 429.23615 83.16029 1
 0.08356678984979161 1.508153793453955 0.09935179252587929 1 297.93387 55.853786 1
 0.08328533982198325 1.508099956637631 0.09918688575413598 1 206.71834 49.240498 1
 0.08326480241447877 1.508138692951246 0.09902107551662334 1 174.72862 83.05595 1
 0.08362392619903518 1.508277507771816 0.09881650765487816 1 221.99333 177.24178 1
 0.08405289784905456 1.508345333127531 0.09867953980565836 1 297.26575 255.29417 1
 0.0845667747943013 1.508333168166104 0.09858518012827673 1 402.96185 320.9906 1
 0.08517103926607203 1.508259817166577 0.09851649052808563 1 544.6251999999999 383.2347 1
 0.08591132887964402 1.5082964931803 0.09845275851390635 1 742.3321 491.66534 1
 0.08665849886478239 1.508323557646742 0.09835264072617193 1 952.2923 616.1904 1
 0.08730946053497245 1.508306574147636 0.09824105973501923 1 1144.732 729.86664 1
 0.08786685559546556 1.5082491871697 0.09812323571893801 1 1316.8127 828.6679 1
 0.08831485917120439 1.508133584001283 0.09797606190706047 1 1463.7092 913.2464 1
 0.08858131019061627 1.508055126248606 0.0978827522778908 1 1550.8364 966.2844 1
 0.08868138404387606 1.508002173035364 0.09774604478297272 1 1574.7825 1013.9007 1
 0.08850804065963308 1.507989794944696 0.09765360295289228 1 1499.9873 1013.7274 1
 0.0881180359942578 1.508032351864952 0.09758463724955621 1 1343.3046 980.9698 1
 0.08757337877881553 1.508081852485446 0.09755891107212523 1 1136.0092 913.2374 1
 0.0869627270453297 1.508199760614271 0.09755143374688599 1 917.8150000000001 844.6113 1
 0.08636153302068482 1.508216171672049 0.09747908475337291 1 704.05774 776.4152 1
 0.08575338634128286 1.508246559114863 0.09743091815908679 1 505.92444 706.02606 1
 0.08516954260796612 1.508282152970859 0.09740928768685352 1 334.414 638.03766 1
 0.08458187574146671 1.508241994754236 0.09742799113659009 1 179.5039 548.5715 1
 0.084070945794516 1.508183684366341 0.09742462645841951 1 49.398327 474.8416 1
 0.08462165306047074 1.508323306105845 0.09655000013256923 1 11.423158 784.8169 1
 0.08522971626860207 1.508311444805814 0.09639454612278898 1 139.40695 917.94696 1
 0.08588841404264833 1.508294518583267 0.0962440296795859 1 301.15417 1069.6477 1
 0.08500446371699129 1.509119185553497 0.09613741208250386 1 95.94816 1090.735 1
 0.08558384011724471 1.509167953441641 0.0962566849763507 1 276.31818 1158.6344 1
 0.08853829976147881 1.508838410696339 0.09766382253291196 1 1440.0109 1163.7466 1
 0.08768650672508523 1.508836222638338 0.09792993107291205 1 1200.7899 968.24866 1
 0.08720041784543525 1.508871980821408 0.09801604921861207 1 1058.8657 884.1614 1
 0.08669553454242586 1.508893212380273 0.09806578298115595 1 912.3111 806.46204 1
 0.08616991084105913 1.508901892892486 0.09810616116595726 1 764.8671000000001 729.55426 1
 0.08564942758958767 1.508898711332879 0.09808226113742033 1 615.3973999999999 668.43384 1
 0.0851599190028479 1.508916485739487 0.09802327259226966 1 475.78705 625.14886 1
 0.08472777369648825 1.50893924351178 0.09789821924957089 1 345.82156 605.1853599999999 1
 0.08433981035376177 1.508924231224584 0.09778077997873276 1 230.67395 582.2254 1
 0.08402817143283393 1.508908040642281 0.09774068095185823 1 150.37297 552.6092 1
 0.08383810089754039 1.508936063087905 0.09781627965399159 1 124.739975 521.4029 1
 0.08374570766846164 1.508949477347453 0.0980148749833384 1 141.33035 475.38788 1
 0.08377577032877676 1.508931886771 0.09826267249987658 1 190.60863 427.88297 1
 0.08397862220695085 1.508914595297244 0.09844165912414275 1 265.2839 410.55957 1
 0.0842810933053755 1.508861181893645 0.09858612644549397 1 356.06088 402.88226 1
 0.08467939641205448 1.508830711645551 0.098695156238919 1 467.30573 416.58627 1
 0.08516229902673869 1.508830418476743 0.09876352196564779 1 598.3075 454.06647 1
 0.0857081666582942 1.508839555971886 0.09881453600359831 1 748.95605 505.6434 1
 0.08627182293714526 1.508841549127121 0.09886524562681324 1 910.74567 559.8406 1
 0.08679339340855372 1.508767983134337 0.09890848555451776 1 1066.7261 597.22626 1
 0.08726507215136506 1.508663987931756 0.09896245686098576 1 1216.3649 621.75134 1
 0.08770950430449673 1.508596820512606 0.09902319222031258 1 1361.1405 649.3129 1
 0.08814837153242541 1.508595504265179 0.09906288761871816 1 1499.341 694.9668 1
 0.08870995434916037 1.50866280435853 0.09930808590226252 1 1687.6362 719.6487 1
 0.08869786922683817 1.508644510621655 0.09947630765344836 1 1700.8755 675.5113 1
 0.08831197236673766 1.508593917959989 0.09978436482037424 1 1617.3289 551.81506 1
 0.08797047158258554 1.508559830430805 0.09989351040436188 1 1531.4221 482.36182 1
 0.08756089722735783 1.508596825378045 0.100030308672948 1 1426.441 416.1327 1
 0.08709813212561827 1.508624806440791 0.1001563789627222 1 1309.7166 348.25476 1
 0.08661019375011877 1.508655303537563 0.1002535045689324 1 1187.3837 287.17767 1
 0.08560060904090999 1.508659647647874 0.1004252353828677 1 947.5270400000001 163.62637 1
 0.08513761989871609 1.508667126528868 0.1004640359084649 1 840.06964 119.5117 1
 0.08470562934734119 1.508636574748268 0.1004598744999031 1 737.75684 78.47500599999999 1
 0.08430302454262142 1.508622347715928 0.1004630405193682 1 646.73206 43.793884 1
 0.08393027868247692 1.508583257533215 0.100501045252667 1 570.1732 4.0137753 1
 0.08484907442971751 1.508674123440821 0.1011616190142136 1 862.61536 1.095412 1
 0.08535533904467632 1.508698367508105 0.1011676368202236 1 978.43396 40.566204 1
 0.08590131558701591 1.508665079690384 0.1011399745566422 1 1105.7092 82.11353 1
 0.08646477336835816 1.508618448094354 0.1011189718822017 1 1243.4662 124.28547 1
 0.08699753084971541 1.508552627634899 0.1011147508104319 1 1380.4979 159.6136 1
 0.08748324495481988 1.50848440043769 0.1011311180568492 1 1510.6428 188.9299 1
 0.08823609808605196 1.508413398559444 0.1012226629270743 1 1717.6178 233.57838 1
 0.08841326701219634 1.509829998458498 0.1051790703353623 1 1853.166 0.35276178 1
 0.08871601710216705 1.509855945373586 0.1050956854776521 1 1904.1125 30.999178 1
 0.08875122339362677 1.509884204987833 0.1049810067214021 1 1906.1371 51.504017 1
 0.08844799530122753 1.509838212782762 0.1048974093218284 1 1849.6421 29.89652 1
 0.08803530808798349 1.509814496022541 0.1047717565710429 1 1770.0216 10.377534 1
 0.08622830173330209 1.509871904250404 0.1034535294769063 1 1349.5665 35.006325 1
 0.08689183239172464 1.509874194331682 0.1034220966762165 1 1478.5006 85.402626 1
 0.08748645973192166 1.509864602161808 0.1034185998880368 1 1597.5494 127.83501 1
 0.08799851672181183 1.509813561646467 0.1033914394150192 1 1701.7004 161.42819 1
 0.08808673053743946 1.50963719914241 0.1027847701399772 1 1698.1525 216.7646 1
 0.08750539697898502 1.50955588195718 0.1027553743357957 1 1576.7263 159.94322 1
 0.0868455988520322 1.509532402853421 0.1027362862759798 1 1435.9193 106.77288 1
 0.08618615331916317 1.509584443478813 0.1026924028671153 1 1292.1162 71.945076 1
 0.085554822722504 1.509650521273219 0.1026183671619565 1 1154.0707 47.121765 1
 0.08498785323348046 1.509779442590207 0.1025660772999398 1 1033.6323 36.287666 1
