# Created by Octave 4.0.0, Thu May 23 15:02:44 2024 PDT <caveman@RiffellCave1>
# name: corresp
# type: matrix
# rows: 378
# columns: 7
 0.08552781501090151 1.508307613897258 0.09397731919874631 1 1307.1526 1197.3224 1
 0.0862500554617988 1.5083379883473 0.0938011944628253 1 1056.1545 1095.2727 1
 0.08690055225450559 1.508310334847768 0.09360212480872224 1 823.10364 977.6354 1
 0.08746117779096882 1.508272773192433 0.09345397652793203 1 612.9048 879.50555 1
 0.08794212534733731 1.508196965501508 0.09332987078473678 1 428.01358 794.6874 1
 0.08760261957415441 1.508080820667296 0.09287423072822791 1 606.21826 636.6125 1
 0.08704401114121432 1.508196822136703 0.09294227355328823 1 824.6742 708.1907 1
 0.08641643316566894 1.508167597491658 0.09288008897875943 1 1080.8497 733.01636 1
 0.08580660786610497 1.50816115624997 0.09277305745715402 1 1322.5986 736.2126 1
 0.08523101110600062 1.508187332760416 0.09268720674757523 1 1533.4089 742.9749 1
 0.08467145769633554 1.508213801790703 0.09270246026628781 1 1716.9192 784.91693 1
 0.08416222469270722 1.508207663140359 0.09267494692437565 1 1881.2808 806.9168 1
 0.08479505614470806 1.508460708037836 0.091707530645672 1 1706.2379 411.00717 1
 0.08543891173200611 1.5084520378846 0.09142591459881856 1 1514.5718 254.15286 1
 0.08612820112028537 1.508474344677057 0.09114727284233129 1 1290.3163 92.05647999999999 1
 0.08476248820012827 1.508926463412575 0.09047185433205279 1 1715.5082 11.598455 1
 0.08692032624041249 1.508779801412121 0.0912954061937902 1 965.8574 92.97127500000001 1
 0.08626112510630504 1.508820782527363 0.09137380569244941 1 1190.8762 179.34952 1
 0.08557669773858034 1.508830719679613 0.09136997879315166 1 1422.4742 235.7529 1
 0.08491712503270875 1.508832835744198 0.09134321998457279 1 1634.4512 280.84583 1
 0.0843503306245454 1.508964777155177 0.09137540199274902 1 1784.6263 336.62677 1
 0.08382708164779633 1.509098526595015 0.09305518625436297 1 1807.9651 918.1914 1
 0.08433729335927512 1.509148467456 0.09315974237261625 1 1647.6543 924.68085 1
 0.08491548794211566 1.509247289116594 0.09321629653369184 1 1458.8225 908.96075 1
 0.08547798414755224 1.509148249890583 0.09320049951087825 1 1294.0021 876.7947 1
 0.08607327320864842 1.50910083812065 0.09314936720941995 1 1104.5756 825.08466 1
 0.08665860720167939 1.509103318382297 0.09309680487584122 1 905.972 768.032 1
 0.08718085772940126 1.508998162818511 0.09305445384257439 1 727.8608 719.46466 1
 0.08768389208397523 1.508965354788256 0.09302416222547118 1 547.5179000000001 672.4396 1
 0.08812159359445443 1.508959859495901 0.09299094746169223 1 385.57196 625.9472 1
 0.08833541767954678 1.508919983694024 0.09418532679716587 1 230.63637 1051.8082 1
 0.08798373480343363 1.508927235751815 0.09435946078664303 1 348.21112 1138.8673 1
 0.08758685670262838 1.508921668656639 0.09446436848150104 1 485.05878 1197.0864 1
 0.08890395055501241 1.510209690602283 0.09505523664247706 1 48.12525 1197.1315 1
 0.08874809972784439 1.510135697856201 0.09491970539860831 1 98.30965399999999 1176.8363 1
 0.08846104035591432 1.510138241605908 0.09473131023406305 1 195.37904 1137.8391 1
 0.08805852462561635 1.5101866978818 0.09459731275760623 1 327.8856 1118.2535 1
 0.08755617509072408 1.510278006752553 0.09451017067559522 1 487.9803 1115.0819 1
 0.08697500721167697 1.510369326061945 0.09444106394280545 1 667.76996 1120.4148 1
 0.08634062593201353 1.510375392339936 0.09439328118662775 1 860.3759 1138.443 1
 0.08450267385285938 1.510318865035527 0.09433560666818905 1 1388.4545 1198.5135 1
 0.08408564637198226 1.51028427017654 0.09423943523908175 1 1509.0698 1193.5845 1
 0.08418041933444535 1.510325502358398 0.09396238945772575 1 1497.5768 1111.4944 1
 0.08440717803806454 1.510353231877207 0.09374685561789788 1 1448.4044 1040.2153 1
 0.08475121943001164 1.510348803227922 0.09359305680489322 1 1365.6581 981.4937 1
 0.08523347121949126 1.510343252236731 0.09343607083507925 1 1241.8698 913.297 1
 0.08582504068760838 1.510343117073006 0.09330227763741766 1 1079.992 842.9765599999999 1
 0.08648881885888288 1.510406664181706 0.09311916922835922 1 890.97424 748.52936 1
 0.08713287883145954 1.510452097245614 0.09288260686508758 1 709.6902 636.9659 1
 0.08769475274193635 1.510435977903735 0.09268957040886083 1 550.8883 542.79535 1
 0.08820503481390969 1.510469799175633 0.09252421092940986 1 406.00867 459.5171 1
 0.08823120260081985 1.510242423224075 0.09172954777904566 1 448.88608 207.72408 1
 0.08774876099444633 1.510171291913827 0.09174325065893592 1 599.3649 241.71143 1
 0.08717274494443651 1.510098725030357 0.0917912227906473 1 778.1784 293.31476 1
 0.08656061431701656 1.510072078475732 0.09182313800142342 1 967.7203 344.5753 1
 0.08598397934010206 1.510092347119504 0.09177223416806925 1 1145.6415 367.77728 1
 0.08548834674734077 1.510161930384812 0.09165649347588421 1 1290.9767 367.88168 1
 0.08505576671912393 1.510245394431011 0.09147840456247038 1 1415.1794 345.30154 1
 0.08467799026309195 1.510313184386555 0.09125556732957525 1 1522.4087 307.28198 1
 0.08434168278947908 1.510319636612676 0.09106333712630091 1 1619.6603 275.8983 1
 0.08407886293799874 1.510289969284312 0.09091419583475453 1 1701.7903 252.26233 1
 0.08448445009059971 1.510429008269892 0.09013081877262731 1 1615.1364 11.920357 1
 0.0881163270015799 1.510906373568227 0.09122146256994031 1 515.2218 90.59035 1
 0.08759893422403367 1.510976596637278 0.09138752979358236 1 651.9007 171.728 1
 0.08700763066196718 1.511155964364741 0.09159895693782957 1 800.56836 274.06836 1
 0.08636508476077756 1.511296901026417 0.09172635267584654 1 963.2089 350.84326 1
 0.08570741858243951 1.511399309642677 0.09184075635336623 1 1125.1506 420.69952 1
 0.08506179094563605 1.511477219544388 0.09198016069705023 1 1277.0099 495.2609 1
 0.08445885657597406 1.511503783727697 0.09207898785298133 1 1417.7766 553.4431 1
 0.08365235143231321 1.511782079042482 0.09233786395401317 1 1567.8625 656.3323 1
 0.08360636103106911 1.511951585340273 0.09246572914379959 1 1555.327 687.7477 1
 0.08381860204329179 1.512077687963061 0.09256462915645412 1 1491.4702 700.13055 1
 0.0841769217529839 1.51210467125527 0.09271509236305477 1 1400.9673 717.91516 1
 0.08463987080335249 1.512141075284719 0.09283638757136933 1 1285.6377 728.6123 1
 0.08681273033748479 1.512064936942356 0.09309501308182511 1 742.6202 690.5815 1
 0.08738583998735536 1.51191370393431 0.09304913590061643 1 599.9143 651.3042 1
 0.08789684506523296 1.511801533516202 0.09307805478300346 1 464.82388 633.2252999999999 1
 0.08836359091181997 1.511748146772278 0.09314604686006682 1 337.29703 626.8794 1
 0.08879425197819969 1.511693819232871 0.09325386144232099 1 216.4738 633.026 1
 0.08889558079966429 1.511607062267389 0.0939027657660098 1 154.8933 804.9366 1
 0.08839192633781176 1.511625477744405 0.09404842728767575 1 282.6019 870.8728 1
 0.08770398480596507 1.511660152123689 0.09421132863685465 1 458.87778 949.22955 1
 0.08698069832925215 1.511749441698918 0.09434960222282479 1 642.73346 1017.4717 1
 0.08631224118851472 1.511815111591722 0.09440411644613579 1 812.0565 1059.2393 1
 0.08567554731022885 1.511885950718048 0.09447220518445755 1 967.20575 1099.8304 1
 0.0850724461738767 1.511932456938638 0.09457138490441767 1 1108.0955 1145.2776 1
 0.08455810774284327 1.511923027211477 0.09467694652228208 1 1226.2244 1189.6456 1
 0.08852623594987075 1.513509758082052 0.09575819664534632 1 216.90929 1188.7332 1
 0.08884271487698639 1.513494550937897 0.09563463753464629 1 150.73941 1148.5892 1
 0.08897605445737058 1.513456799142145 0.09549051472457866 1 125.0543 1112.8757 1
 0.08890847725073689 1.513407202691758 0.09533552806277863 1 144.11171 1084.2743 1
 0.08865827522518745 1.513385438956345 0.09522315824865707 1 203.31007 1072.0786 1
 0.08823641498231741 1.513356607469694 0.0951366863822649 1 301.33624 1073.0453 1
 0.08765287208108742 1.513349234103993 0.09512294943794096 1 434.0305 1095.8999 1
 0.0869689917405421 1.513297709355129 0.09509413751305515 1 590.6317 1120.4916 1
