# Created by Octave 4.0.0, Thu May 23 15:02:44 2024 PDT <caveman@RiffellCave1>
# name: corresp
# type: matrix
# rows: 445
# columns: 7
 0.08499257189830119 1.508162379664646 0.1008511701225066 1 1008.0984 594.87476 1
 0.08632543261692473 1.508140817496777 0.1006447306063036 1 551.48865 553.8051 1
 0.08703679186180832 1.508182470646122 0.1005491735282711 1 340.32654 542.02527 1
 0.08808203969702447 1.508065908109814 0.1001904452258833 1 39.96701 448.7708 1
 0.08764488668662414 1.50810876093151 0.1001354942650782 1 162.08388 421.28778 1
 0.08709276875730414 1.508137906567776 0.1000759112116136 1 321.12033 386.9183 1
 0.08644762942332357 1.508113034964977 0.09996446647217752 1 511.7026 326.92816 1
 0.08575651580013087 1.508126067779482 0.09986767915293494 1 735.1224 270.88104 1
 0.08512505461198176 1.508193908561027 0.09977170305979055 1 954.18134 223.01721 1
 0.08453950417292788 1.508275405032522 0.09967327028419821 1 1161.3331 178.27719 1
 0.08401687071847259 1.508232861266142 0.0995157183075899 1 1339.1287 103.11703 1
 0.08356678984979161 1.508153793453955 0.09935179252587929 1 1492.061 23.43414 1
 0.0857081666582942 1.508839555971886 0.09881453600359831 1 822.26764 20.769318 1
 0.08627182293714526 1.508841549127121 0.09886524562681324 1 658.5074 57.368725 1
 0.08679339340855372 1.508767983134337 0.09890848555451776 1 503.90662 82.628975 1
 0.08726507215136506 1.508663987931756 0.09896245686098576 1 363.00104 106.870094 1
 0.08770950430449673 1.508596820512606 0.09902319222031258 1 237.90918 135.67538 1
 0.08814837153242541 1.508595504265179 0.09906288761871816 1 128.87796 164.4262 1
 0.08870995434916037 1.50866280435853 0.09930808590226252 1 4.1337123 257.70084 1
 0.08869786922683817 1.508644510621655 0.09947630765344836 1 2.0731988 301.3347 1
 0.08831197236673766 1.508593917959989 0.09978436482037424 1 76.532455 371.3547 1
 0.08797047158258554 1.508559830430805 0.09989351040436188 1 153.10321 389.70935 1
 0.08756089722735783 1.508596825378045 0.100030308672948 1 261.9562 420.36603 1
 0.08709813212561827 1.508624806440791 0.1001563789627222 1 390.30112 447.38907 1
 0.08661019375011877 1.508655303537563 0.1002535045689324 1 533.3568 466.1916 1
 0.08560060904090999 1.508659647647874 0.1004252353828677 1 844.0442 493.1032 1
 0.08513761989871609 1.508667126528868 0.1004640359084649 1 996.5207 495.69315 1
 0.08470562934734119 1.508636574748268 0.1004598744999031 1 1139.262 480.69308 1
 0.08430302454262142 1.508622347715928 0.1004630405193682 1 1276.229 469.80014 1
 0.08393027868247692 1.508583257533215 0.100501045252667 1 1405.1342 469.74368 1
 0.08363213470258496 1.508521901104552 0.1006048512950481 1 1510.9363 493.9899 1
 0.08484907442971751 1.508674123440821 0.1011616190142136 1 1101.5859 726.567 1
 0.08535533904467632 1.508698367508105 0.1011676368202236 1 933.2757 739.4654 1
 0.08590131558701591 1.508665079690384 0.1011399745566422 1 752.37134 738.8517000000001 1
 0.08646477336835816 1.508618448094354 0.1011189718822017 1 571.2861 739.5751 1
 0.08699753084971541 1.508552627634899 0.1011147508104319 1 404.45053 743.9937 1
 0.08748324495481988 1.50848440043769 0.1011311180568492 1 257.30685 753.35895 1
 0.08823609808605196 1.508413398559444 0.1012226629270743 1 48.559193 788.80054 1
 0.08498785323348046 1.509779442590207 0.1025660772999398 1 1140.4352 1193.3156 1
 0.08449806357234799 1.509883484353794 0.1025268451687238 1 1293.6294 1176.915 1
 0.0840771082885565 1.509916781983446 0.1025073777107179 1 1422.5215 1165.6154 1
 0.08381862813275262 1.509960730949242 0.1024831864109749 1 1501.9933 1154.5073 1
 0.0838765009774214 1.510002656170992 0.1023750682111933 1 1483.8335 1121.6256 1
 0.08415967395941817 1.510025661760297 0.1022393923139671 1 1397.5941 1083.9758 1
 0.08458024390580313 1.509983422719519 0.1020878912597638 1 1268.4548 1043.8434 1
 0.0851600275751833 1.509926479858388 0.1018911795649652 1 1091.3834 990.7089 1
 0.08577330397713016 1.509795646605476 0.1017665040155697 1 902.34845 959.5397 1
 0.08654077198122488 1.50976724350341 0.1016153090470352 1 682.6415 921.2567 1
 0.08730932540975772 1.509721344344031 0.1014609716023825 1 473.8698 882.76807 1
 0.08798562006007141 1.509730761723004 0.1013450666060239 1 307.14404 854.9873700000001 1
 0.08852988725825585 1.509771924072236 0.1012422484436031 1 186.50429 831.82294 1
 0.08811235687176983 1.509764696998874 0.1005343904990211 1 283.56754 637.1257000000001 1
 0.0875349453469967 1.509783620373315 0.1004576179243632 1 424.7932 607.25665 1
 0.0868519362250684 1.509777127670101 0.1004395230020955 1 597.7438 589.24927 1
 0.08616638468630544 1.509758959026396 0.1003693650788093 1 780.2266 554.6297 1
 0.08554291305585521 1.509774456274141 0.1002473680953127 1 955.90027 506.76138 1
 0.08501340632253111 1.509882955489892 0.1001588351331235 1 1114.2831 475.42804 1
 0.08448709975407945 1.509928301886923 0.1001432992928758 1 1269.2094 461.57877 1
 0.08403087689931112 1.509956311836767 0.100141996033593 1 1403.653 452.3468 1
 0.08374850651088443 1.509932451402883 0.1000587774893443 1 1484.6393 420.5076 1
 0.08371008344354094 1.509919046113269 0.09993229992178027 1 1493.3042 382.29178 1
 0.08390515629694539 1.509968463181185 0.09980488124321671 1 1434.4214 353.95514 1
 0.08424665539160363 1.510029667498096 0.09968132931414285 1 1335.0017 331.78583 1
 0.08468734338131263 1.510040194569388 0.09954240973737252 1 1207.5634 304.897 1
 0.0852666747411772 1.510078791000636 0.099374152139681 1 1045.982 276.91296 1
 0.08595625077201782 1.510104485188509 0.09918064577828876 1 861.24365 246.74918 1
 0.0866717484962171 1.510101135102952 0.09903350341414308 1 677.1781 229.35547 1
 0.08736454404132014 1.510067399572557 0.09891813889055628 1 505.17352 218.62965 1
 0.08798216048335343 1.510009706557739 0.09884845379120336 1 356.8041 216.76453 1
 0.0884662049059472 1.509935345466035 0.09881814501728671 1 241.72343 219.43692 1
 0.08896762931498516 1.509869749960252 0.0986287785804007 1 131.20105 186.22035 1
 0.08898569077087304 1.509892961024812 0.09846455815891818 1 133.27142 150.5362 1
 0.08886050679121195 1.509915709517563 0.09825454005349259 1 165.28307 99.60145 1
 0.08857788438182351 1.509927853020485 0.09811106301638696 1 227.63914 58.015 1
 0.08815369918818126 1.509931997625278 0.0980607100678763 1 319.28842 30.514217 1
 0.08760366548264745 1.509912836486237 0.09804881405748064 1 440.37756 5.893078 1
 0.08871410405791301 1.511917399320716 0.09716713559989375 1 416.1974 21.384043 1
 0.08854127400266654 1.511805558059474 0.0973986021464494 1 436.66766 52.161507 1
 0.08823884662161417 1.51177078183467 0.09757556877568739 1 490.17303 75.307014 1
 0.08779795680977318 1.511749484359722 0.0977131599346153 1 574.5341 88.569695 1
 0.08727693907280169 1.511735069703932 0.09776924024751631 1 679.5298 84.27325999999999 1
 0.08669297644239864 1.511775772674912 0.09778765589299847 1 805.3593 75.10877000000001 1
 0.0860920775553369 1.51181586248073 0.09776000028281939 1 937.3394 56.15602 1
 0.08551402773423918 1.511835811140569 0.09764401046401766 1 1065.309 19.01588 1
 0.08495108953948195 1.511921701164352 0.09755731531846921 1 1192.7859 0.23510467 1
 0.08377924780648253 1.512189463724745 0.09761196379763235 1 1463.5697 3.610509 1
 0.0836359102821502 1.512184121502295 0.09795995274853699 1 1502.4615 70.54416000000001 1
 0.08369082445833526 1.512142263283634 0.09833121490748761 1 1496.97 147.5747 1
 0.08396457705347284 1.512075508338255 0.09859482007639232 1 1438.0487 205.83975 1
 0.08437952366922191 1.51200479226336 0.09876976409544964 1 1343.2418 248.09422 1
 0.08493931871978293 1.512047053083395 0.09888434731826565 1 1216.9192 287.89362 1
 0.08558814875063844 1.512001306479195 0.09892991618410668 1 1068.011 308.4081 1
 0.08623468123924802 1.511932487357131 0.09901101030070918 1 918.9089 336.10156 1
 0.08691714614509265 1.511934133229557 0.09908701170139085 1 769.8525 367.26706 1
 0.08753452333575461 1.511945968078694 0.09918982023945379 1 639.7971 402.2354 1
