# Created by Octave 4.0.0, Thu May 23 15:02:44 2024 PDT <caveman@RiffellCave1>
# name: corresp
# type: matrix
# rows: 701
# columns: 7
 0.08665849886478239 1.508323557646742 0.09835264072617193 1 1911.684 922.63434 1
 0.08730946053497245 1.508306574147636 0.09824105973501923 1 1855.9108 1120.8021 1
 0.0869627270453297 1.508199760614271 0.09755143374688599 1 1700.3018 1022.9412 1
 0.08636153302068482 1.508216171672049 0.09747908475337291 1 1702.8488 826.1857 1
 0.08575338634128286 1.508246559114863 0.09743091815908679 1 1707.558 622.18585 1
 0.08516954260796612 1.508282152970859 0.09740928768685352 1 1714.1473 425.87888 1
 0.08458187574146671 1.508241994754236 0.09742799113659009 1 1740.5637 230.98209 1
 0.084070945794516 1.508183684366341 0.09742462645841951 1 1758.4849 61.108902 1
 0.08411629918322018 1.508351750799641 0.09674582503510673 1 1530.3425 48.2041 1
 0.08462165306047074 1.508323306105845 0.09655000013256923 1 1460.2173 208.38567 1
 0.08522971626860207 1.508311444805814 0.09639454612278898 1 1394.4172 412.24677 1
 0.08588841404264833 1.508294518583267 0.0962440296795859 1 1325.8718 637.98627 1
 0.08714537499680321 1.5082459053538 0.09604472380249052 1 1218.7218 1070.2653 1
 0.08750731528838157 1.508170154314039 0.09514919964680395 1 903.1127300000001 1188.1832 1
 0.08687314203095367 1.508215588265729 0.09521263752208842 1 942.42535 968.0143 1
 0.086215685767314 1.50823653212557 0.09526058526325636 1 979.37384 733.29803 1
 0.08561423545822819 1.508246274601987 0.09520574074091329 1 978.31696 512.39355 1
 0.08500283067766405 1.508146655809694 0.09513235131430502 1 977.1351 284.06754 1
 0.08481624428750914 1.50832839206882 0.09421519621240343 1 637.4373000000001 188.0447 1
 0.08552781501090151 1.508307613897258 0.09397731919874631 1 528.3839 442.4798 1
 0.0862500554617988 1.5083379883473 0.0938011944628253 1 442.4391 703.8551 1
 0.08690055225450559 1.508310334847768 0.09360212480872224 1 355.99982 934.4333 1
 0.08746117779096882 1.508272773192433 0.09345397652793203 1 293.9982 1128.9987 1
 0.08760261957415441 1.508080820667296 0.09287423072822791 1 77.05540499999999 1180.3663 1
 0.08704401114121432 1.508196822136703 0.09294227355328823 1 111.71946 975.6283 1
 0.08641643316566894 1.508167597491658 0.09288008897875943 1 95.66337 747.50073 1
 0.08580660786610497 1.50816115624997 0.09277305745715402 1 68.965096 515.97595 1
 0.08523101110600062 1.508187332760416 0.09268720674757523 1 56.35861 296.7196 1
 0.08467145769633554 1.508213801790703 0.09270246026628781 1 84.05099 89.36985 1
 0.08433729335927512 1.509148467456 0.09315974237261625 1 298.77307 29.74603 1
 0.08491548794211566 1.509247289116594 0.09321629653369184 1 301.3917 221.26273 1
 0.08547798414755224 1.509148249890583 0.09320049951087825 1 276.9062 403.49643 1
 0.08607327320864842 1.50910083812065 0.09314936720941995 1 244.18616 599.36017 1
 0.08665860720167939 1.509103318382297 0.09309680487584122 1 216.60193 789.0972 1
 0.08718085772940126 1.508998162818511 0.09305445384257439 1 191.38303 962.3791 1
 0.08768389208397523 1.508965354788256 0.09302416222547118 1 176.014 1121.952 1
 0.08758685670262838 1.508921668656639 0.09446436848150104 1 645.65485 1128.4109 1
 0.08716844304526983 1.508945280997617 0.09457343061926532 1 688.3717 996.8908699999999 1
 0.08673659090479505 1.508995668140668 0.09465983235481328 1 725.84174 856.77405 1
 0.08627562414493713 1.509025714043255 0.09473134189070255 1 760.3034 706.8872699999999 1
 0.08579525924769076 1.509006077483871 0.09479816553291988 1 795.8786 550.67377 1
 0.08531178064976974 1.508961696260407 0.09482854800636056 1 821.10175 390.89435 1
 0.08484845295292481 1.508932607907261 0.09482917069012567 1 836.52997 235.81955 1
 0.08439789590007678 1.508860530253933 0.09484437358672079 1 857.30585 82.95523 1
 0.08409125903442657 1.509011743734036 0.09590578691207741 1 1199.4686 32.55149 1
 0.08449777151377576 1.509067985762059 0.0960222219003498 1 1220.7899 166.93674 1
 0.08500446371699129 1.509119185553497 0.09613741208250386 1 1238.042 332.21936 1
 0.08558384011724471 1.509167953441641 0.0962566849763507 1 1253.794 517.4906999999999 1
 0.08620155330210934 1.509194389257876 0.09635586739831932 1 1262.8031 711.3973 1
 0.08678359637073586 1.509121382191905 0.09642697499932565 1 1272.5802 894.08405 1
 0.08733084418091151 1.50903003034519 0.0965291124437466 1 1290.7555 1065.9379 1
 0.08768650672508523 1.508836222638338 0.09792993107291205 1 1684.1351 1186.3499 1
 0.08720041784543525 1.508871980821408 0.09801604921861207 1 1722.6166 1045.5894 1
 0.08669553454242586 1.508893212380273 0.09806578298115595 1 1753.1685 898.31964 1
 0.08616991084105913 1.508901892892486 0.09810616116595726 1 1781.3475 743.5236 1
 0.08564942758958767 1.508898711332879 0.09808226113742033 1 1792.4117 587.8378 1
 0.0851599190028479 1.508916485739487 0.09802327259226966 1 1788.4496 439.15906 1
 0.08472777369648825 1.50893924351178 0.09789821924957089 1 1763.4304 305.50693 1
 0.08433981035376177 1.508924231224584 0.09778077997873276 1 1742.7092 184.57239 1
 0.08402817143283393 1.508908040642281 0.09774068095185823 1 1739.351 89.60393000000001 1
 0.08383810089754039 1.508936063087905 0.09781627965399159 1 1758.902 38.662205 1
 0.08374570766846164 1.508949477347453 0.0980148749833384 1 1809.0171 22.044403 1
 0.08377577032877676 1.508931886771 0.09826267249987658 1 1872.6013 42.109257 1
 0.08397862220695085 1.508914595297244 0.09844165912414275 1 1914.3188 108.030525 1
 0.08595625077201782 1.510104485188509 0.09918064577828876 1 1875.0004 663.9118999999999 1
 0.0866717484962171 1.510101135102952 0.09903350341414308 1 1823.2783 841.4934 1
 0.08736454404132014 1.510067399572557 0.09891813889055628 1 1779.4153 1013.88464 1
 0.08798216048335343 1.510009706557739 0.09884845379120336 1 1747.5604 1166.8771 1
 0.08760366548264745 1.509912836486237 0.09804881405748064 1 1592.0764 1081.5386 1
 0.08699680994375275 1.509932734071376 0.09800671304815281 1 1601.6553 924.16 1
 0.08635505337166077 1.509969873161008 0.09796431657267091 1 1607.6218 753.0026 1
 0.08572169373351707 1.510001934489456 0.09791995781184841 1 1611.1842 582.0657 1
 0.08513750781486576 1.510021352968841 0.09784899277565569 1 1605.2911 423.10916 1
 0.08461738451403535 1.510025029918278 0.0977589593702622 1 1595.5627 280.95947 1
 0.08419362890681578 1.510032185154634 0.09770545353712394 1 1589.7654 166.43764 1
 0.08388708739243637 1.510040787125683 0.0976614800126193 1 1583.2994 84.30611 1
 0.08369322430222026 1.51002280677579 0.09757248045511036 1 1566.5961 29.380238 1
 0.0836850752206782 1.510007767664742 0.09741998668310388 1 1530.9999 20.582512 1
 0.08386741642414904 1.51001972452517 0.09723151232800009 1 1479.804 61.80662 1
 0.08416932571522114 1.510026135825712 0.09703205831694343 1 1422.9679 135.859 1
 0.08454673005362287 1.510026257663023 0.09683702445883934 1 1364.8726 232.35057 1
 0.08503104391587621 1.510056406723702 0.09662164385766897 1 1294.5963 360.28992 1
 0.08561782427527929 1.510079311290799 0.09638620687089469 1 1215.4017 518.0634 1
 0.08627458158592149 1.510133843355219 0.09612834150635789 1 1124.4397 695.0155999999999 1
 0.08691516658271888 1.510158667138142 0.09588664587362926 1 1040.4865 866.5809 1
 0.08750752466923845 1.510194414609749 0.09569593941974586 1 971.6318 1021.88715 1
 0.08801931971740846 1.51021416803096 0.09556851387386162 1 923.95917 1152.9297 1
 0.08805852462561635 1.5101866978818 0.09459731275760623 1 658.16455 1153.5083 1
 0.08755617509072408 1.510278006752553 0.09451017067559522 1 641.6021 1012.1882 1
 0.08697500721167697 1.510369326061945 0.09444106394280545 1 632.2971 848.26624 1
 0.08634062593201353 1.510375392339936 0.09439328118662775 1 631.75275 672.0351000000001 1
 0.08450267385285938 1.510318865035527 0.09433560666818905 1 660.8214 153.45784 1
 0.08420841367020213 1.510309023887052 0.0943560240396063 1 673.25977 71.83238 1
 0.08408564637198226 1.51028427017654 0.09423943523908175 1 644.0836 33.66095 1
