# Created by Octave 4.0.0, Thu May 23 15:02:44 2024 PDT <caveman@RiffellCave1>
# name: Pmat
# type: matrix
# rows: 3
# columns: 4
 -2323.594160039001 1572.341222159125 -116.0767263088009 -2154.998842777024
 312.481368550156 990.416178609551 2464.972337281866 -1764.645053049686
 0.2233349219431408 0.9556943412439526 -0.1917546316388175 -1.433888762951057


