# Created by Octave 4.0.0, Thu May 23 15:02:44 2024 PDT <caveman@RiffellCave1>
# name: Pmat
# type: matrix
# rows: 3
# columns: 4
 1902.816963191338 655.6093055447506 1636.998325013215 -1308.179768577101
 742.5416191890164 1988.940338655171 -1345.027489803183 -2927.767305597697
 -0.2819261471512648 0.7827914945351658 0.5547568148620111 -1.203911839475803


