# Created by Octave 4.0.0, Thu May 23 15:02:44 2024 PDT <caveman@RiffellCave1>
# name: Pmat
# type: matrix
# rows: 3
# columns: 4
 -3085.469917028942 569.0054030369754 -104.5510472450665 -573.0414580199187
 -42.57801088709754 1301.638758266099 2730.235886961694 -2245.86476268716
 -0.1574083524469999 0.9545408248395563 -0.2531292640026856 -1.391503075026461


