# Created by Octave 4.0.0, Thu May 23 15:02:44 2024 PDT <caveman@RiffellCave1>
# name: Pmat
# type: matrix
# rows: 3
# columns: 4
 84.08730331997283 1939.705579166806 -660.5900704705589 -2867.072853421955
 -1828.792758996118 477.0644732501403 348.7128183899277 -591.2841516336657
 -0.006420118520979299 0.7128572488858069 0.7012797764010699 -1.134170017834654


