# Created by Octave 4.0.0, Thu May 23 15:02:44 2024 PDT <caveman@RiffellCave1>
# name: Pmat
# type: matrix
# rows: 3
# columns: 4
 135.0377043711012 2415.347927838778 467.3358707089278 -3695.427379927241
 2303.686832372857 175.1959112416722 -551.2936898513507 -399.0223881499978
 -0.0056531884969279 0.5183504557642573 -0.8551496047293736 -0.6842327426514729


