# Created by Octave 4.0.0, Thu May 23 15:02:44 2024 PDT <caveman@RiffellCave1>
# name: Pmat
# type: matrix
# rows: 3
# columns: 4
 -2690.348718441975 727.8513076844381 -1891.407569607823 -676.4735490458348
 -932.2833802264083 2372.280140625544 2031.787152983009 -3695.59803082508
 0.2714366083668888 0.7730556264332831 -0.5733298928872662 -1.125399091674397


