# Created by Octave 4.0.0, Thu May 23 15:02:44 2024 PDT <caveman@RiffellCave1>
# name: Pmat
# type: matrix
# rows: 3
# columns: 4
 -2190.482837448763 1587.202273383531 142.355468361788 -2213.313508966076
 164.0919882996916 330.6572982582932 2598.489775885007 -750.3938087419881
 0.2843345899234448 0.9550345551231308 0.08404070141205408 -1.465861824622816


