# Created by Octave 4.0.0, Thu May 23 15:02:44 2024 PDT <caveman@RiffellCave1>
# name: Pmat
# type: matrix
# rows: 3
# columns: 4
 -2315.841881587199 1658.65782719321 90.71416466988153 -2306.689150980133
 -32.14669113378005 155.1246096905746 2708.864089034178 -494.7612650275931
 0.2466337076193542 0.9565180963198536 0.1557078857302117 -1.472019543620734


