# Created by Octave 4.0.0, Thu May 23 15:02:44 2024 PDT <caveman@RiffellCave1>
# name: Pmat
# type: matrix
# rows: 3
# columns: 4
 1597.440718645979 1125.558923813612 1496.187397883183 -1988.385526714971
 1057.204349749774 1230.679870152435 -1695.381397127861 -1766.140354240034
 -0.2482373715340032 0.9508377240295567 0.1851643322461984 -1.426672891140153


