# Created by Octave 4.0.0, Thu May 23 15:02:44 2024 PDT <caveman@RiffellCave1>
# name: Pmat
# type: matrix
# rows: 3
# columns: 4
 2914.55696278496 796.0317958947761 97.72936404968326 -1451.593310981611
 -317.9702177957443 2093.753972680679 -2049.29922154392 -2936.976931779864
 0.06233900708404637 0.8303795230077979 0.5537000053865961 -1.30214094560227


