# Created by Octave 4.0.0, Thu May 23 15:02:44 2024 PDT <caveman@RiffellCave1>
# name: Pmat
# type: matrix
# rows: 3
# columns: 4
 2652.405318799316 575.9817287440138 270.5125651711813 -1111.319211940722
 -146.9042692921153 2168.361251612041 -1386.152516849921 -3116.699295330979
 0.1535324315149835 0.682545699314588 0.7145342264862173 -1.105930450077715


