# Created by Octave 4.0.0, Thu May 23 15:02:44 2024 PDT <caveman@RiffellCave1>
# name: Pmat
# type: matrix
# rows: 3
# columns: 4
 2377.608654728978 911.9966424677818 159.0311537109305 -1590.261051509985
 154.1889002052224 604.3792284524789 -2352.2316354746 -675.6003305605732
 0.02355905269943254 0.999578506564502 0.01696408707198674 -1.504475330658071


