# Created by Octave 4.0.0, Thu May 23 15:02:44 2024 PDT <caveman@RiffellCave1>
# name: Pmat
# type: matrix
# rows: 3
# columns: 4
 -143.7385887222609 541.5817767498056 2531.971300278356 -1039.110061644853
 2465.769840302595 400.3480802963052 264.4338479301172 -836.7160598600265
 0.07242800621114384 0.9876228143513078 0.1391235439782962 -1.502406446931018


