# Created by Octave 4.0.0, Thu May 23 15:02:44 2024 PDT <caveman@RiffellCave1>
# name: Pmat
# type: matrix
# rows: 3
# columns: 4
 -2112.47092625397 1734.207595288521 -572.3041800275237 -2365.121443115022
 76.21544862922852 1184.53883854227 2414.308043443695 -2045.780339937469
 0.3512394140580776 0.9073302121574573 -0.231047095022731 -1.366398335860007


