# Created by Octave 4.0.0, Thu May 23 15:02:44 2024 PDT <caveman@RiffellCave1>
# name: Pmat
# type: matrix
# rows: 3
# columns: 4
 -2932.021920011791 242.0139853159147 -15.83327855046498 -102.8205370367557
 -179.9205526144861 439.3861128150574 2788.006426881074 -929.0685325221295
 -0.265504527280726 0.9632798251813739 0.03999155400805909 -1.426718839540043


