# Created by Octave 4.0.0, Thu May 23 15:02:44 2024 PDT <caveman@RiffellCave1>
# name: Pmat
# type: matrix
# rows: 3
# columns: 4
 -3001.877340032146 576.796226867483 142.3230988816065 -618.9840801724933
 -74.39277909035538 -46.37949046888508 2953.327543518359 -212.6232025977873
 -0.139803678392508 0.9660849589041427 0.2171054667370339 -1.459596471699966


