# Created by Octave 4.0.0, Thu May 23 15:02:44 2024 PDT <caveman@RiffellCave1>
# name: Pmat
# type: matrix
# rows: 3
# columns: 4
 -2661.775410035718 612.4438173934479 -50.48561492501012 -680.3042809702979
 148.1243652837338 1660.532986440305 2019.54637931695 -2705.71436188262
 -0.1499810058862838 0.8809562819302192 -0.4488003199653731 -1.266725869559


