# Created by Octave 4.0.0, Thu May 23 15:02:44 2024 PDT <caveman@RiffellCave1>
# name: Pmat
# type: matrix
# rows: 3
# columns: 4
 108.9668278930538 934.6586592708492 1605.044788617241 -1571.579059001009
 1628.90013130427 459.5824993374621 -17.65701288120822 -826.7161798890933
 0.08732362074584253 0.9959797072447993 0.01997518501537102 -1.504882867703692


