# Created by Octave 4.0.0, Thu May 23 15:02:44 2024 PDT <caveman@RiffellCave1>
# name: Pmat
# type: matrix
# rows: 3
# columns: 4
 -2568.200454426812 903.7680274276177 -1866.376347195189 -943.4133868837323
 -785.8975011997543 2338.441870278552 1997.592403401786 -3665.02502681312
 0.2985739082080184 0.7648061470354894 -0.5708985713715865 -1.111646734869682


