# Created by Octave 4.0.0, Thu May 23 15:02:44 2024 PDT <caveman@RiffellCave1>
# name: Pmat
# type: matrix
# rows: 3
# columns: 4
 -2846.795672727736 446.7846013974395 -556.9469233397076 -368.8153706263157
 -661.7146965218251 506.5541954118617 2699.439575943014 -952.5780404755277
 -0.200989511038535 0.9795274376236839 -0.01136729496723446 -1.452136952718734


