# Created by Octave 4.0.0, Thu May 23 15:02:44 2024 PDT <caveman@RiffellCave1>
# name: X
# type: matrix
# rows: 4
# columns: 1474
 0.08435163236365707 0.08474628769026959 0.08521750044314605 0.08558519451738698 0.08611843912943141 0.08667767813278211 0.0871318582586264 0.08726501260199092 0.08779732942961505 0.08808596207305694 0.08754728718880657 0.08423585091896481 0.08489306803923852 0.08558075143113532 0.08629180968961893 0.08695631491822566 0.08753723766680464 0.08808371656741353 0.08499257189830119 0.08632543261692473 0.08703679186180832 0.08808203969702447 0.08764488668662414 0.08709276875730414 0.08644762942332357 0.08575651580013087 0.08512505461198176 0.08453950417292788 0.08401687071847259 0.08356678984979161 0.08328533982198325 0.08326480241447877 0.08362392619903518 0.08405289784905456 0.0845667747943013 0.08517103926607203 0.08591132887964402 0.08665849886478239 0.08730946053497245 0.08786685559546556 0.08831485917120439 0.08858131019061627 0.08868138404387606 0.08850804065963308 0.0881180359942578 0.08757337877881553 0.0869627270453297 0.08636153302068482 0.08575338634128286 0.08516954260796612 0.08458187574146671 0.084070945794516 0.08373178566944496 0.08356840824469444 0.08369141423604404 0.08411629918322018 0.08462165306047074 0.08522971626860207 0.08588841404264833 0.08714537499680321 0.08774409721946393 0.08826762067213093 0.08841658673873923 0.08804716902360289 0.08750731528838157 0.08687314203095367 0.086215685767314 0.08561423545822819 0.08500283067766405 0.08449789542179123 0.0841933394858173 0.08481624428750914 0.08552781501090151 0.0862500554617988 0.08690055225450559 0.08746117779096882 0.08794212534733731 0.08760261957415441 0.08704401114121432 0.08641643316566894 0.08580660786610497 0.08523101110600062 0.08467145769633554 0.08416222469270722 0.08479505614470806 0.08543891173200611 0.08612820112028537 0.08677323345083607 0.08476248820012827 0.08692032624041249 0.08626112510630504 0.08557669773858034 0.08491712503270875 0.0843503306245454 0.08382708164779633 0.08433729335927512 0.08491548794211566 0.08547798414755224 0.08607327320864842 0.08665860720167939 0.08718085772940126 0.08768389208397523 0.08812159359445443 0.08833541767954678 0.08798373480343363 0.08758685670262838 0.08716844304526983 0.08673659090479505 0.08627562414493713 0.08579525924769076 0.08531178064976974 0.08484845295292481 0.08439789590007678 0.08403142507138743 0.08378640408188212 0.08366695679624685 0.08367588493666406 0.08381547269989037 0.08409125903442657 0.08449777151377576 0.08500446371699129 0.08558384011724471 0.08620155330210934 0.08678359637073586 0.08733084418091151 0.08824812135027185 0.08853829976147881 0.08768650672508523 0.08720041784543525 0.08669553454242586 0.08616991084105913 0.08564942758958767 0.0851599190028479 0.08472777369648825 0.08433981035376177 0.08402817143283393 0.08383810089754039 0.08374570766846164 0.08377577032877676 0.08397862220695085 0.0842810933053755 0.08467939641205448 0.08516229902673869 0.0857081666582942 0.08627182293714526 0.08679339340855372 0.08726507215136506 0.08770950430449673 0.08814837153242541 0.08870995434916037 0.08869786922683817 0.08831197236673766 0.08797047158258554 0.08756089722735783 0.08709813212561827 0.08661019375011877 0.08560060904090999 0.08513761989871609 0.08470562934734119 0.08430302454262142 0.08393027868247692 0.08363213470258496 0.08484907442971751 0.08535533904467632 0.08590131558701591 0.08646477336835816 0.08699753084971541 0.08748324495481988 0.08823609808605196 0.0856987166601401 0.08507696474002138 0.08453711745098084 0.08408813519966214 0.08378114885312624 0.08365113842167521 0.08367459026951647 0.08416860193164867 0.08463116747793288 0.08516368900723011 0.08573722942533098 0.08633773228799206 0.08690987633790313 0.08740543541064501 0.08786232792382301 0.08823741866239278 0.08849634953897076 0.08859359685293755 0.0885299959703974 0.08834657757110087 0.08804784544668715 0.08762705891492366 0.08560102401136249 0.08625097843168036 0.08688869177754377 0.08747576123146379 0.08794505799225766 0.08832389731396625 0.08859522965108663 0.08857916470836533 0.08788695403118744 0.08735106502085509 0.0854777940349661 0.08433794395339832 0.08478745305780319 0.08687111843290359 0.08748757678898671 0.08801873861293841 0.08841326701219634 0.08871601710216705 0.08875122339362677 0.08844799530122753 0.08803530808798349 0.0875070068637008 0.08685892055641395 0.0861458574284608 0.08543770917963911 0.08481782777458804 0.08428911074809867 0.08387231266001235 0.08360966966208815 0.08357711170535849 0.08372846756520928 0.08402000631560823 0.08441928045643804 0.08496087177410967 0.08556190994700857 0.08622830173330209 0.08689183239172464 0.08748645973192166 0.08799851672181183 0.08808673053743946 0.08750539697898502 0.0868455988520322 0.08618615331916317 0.085554822722504 0.08498785323348046 0.08449806357234799 0.0840771082885565 0.08381862813275262 0.0838765009774214 0.08415967395941817 0.08458024390580313 0.0851600275751833 0.08577330397713016 0.08654077198122488 0.08730932540975772 0.08798562006007141 0.08852988725825585 0.08811235687176983 0.0875349453469967 0.0868519362250684 0.08616638468630544 0.08554291305585521 0.08501340632253111 0.08448709975407945 0.08403087689931112 0.08374850651088443 0.08371008344354094 0.08390515629694539 0.08424665539160363 0.08468734338131263 0.0852666747411772 0.08595625077201782 0.0866717484962171 0.08736454404132014 0.08798216048335343 0.0884662049059472 0.08896762931498516 0.08898569077087304 0.08886050679121195 0.08857788438182351 0.08815369918818126 0.08760366548264745 0.08699680994375275 0.08635505337166077 0.08572169373351707 0.08513750781486576 0.08461738451403535 0.08419362890681578 0.08388708739243637 0.08369322430222026 0.0836850752206782 0.08386741642414904 0.08416932571522114 0.08454673005362287 0.08503104391587621 0.08561782427527929 0.08627458158592149 0.08691516658271888 0.08750752466923845 0.08801931971740846 0.08844964455059551 0.08877684106459148 0.08890395055501241 0.08874809972784439 0.08846104035591432 0.08805852462561635 0.08755617509072408 0.08697500721167697 0.08634062593201353 0.08450267385285938 0.08420841367020213 0.08408564637198226 0.08418041933444535 0.08440717803806454 0.08475121943001164 0.08523347121949126 0.08582504068760838 0.08648881885888288 0.08713287883145954 0.08769475274193635 0.08820503481390969 0.08823120260081985 0.08774876099444633 0.08717274494443651 0.08656061431701656 0.08598397934010206 0.08548834674734077 0.08505576671912393 0.08467799026309195 0.08434168278947908 0.08407886293799874 0.08448445009059971 0.0881163270015799 0.08759893422403367 0.08700763066196718 0.08636508476077756 0.08570741858243951 0.08506179094563605 0.08445885657597406 0.08365235143231321 0.08360636103106911 0.08381860204329179 0.0841769217529839 0.08463987080335249 0.08681273033748479 0.08738583998735536 0.08789684506523296 0.08836359091181997 0.08879425197819969 0.08889558079966429 0.08839192633781176 0.08770398480596507 0.08698069832925215 0.08631224118851472 0.08567554731022885 0.0850724461738767 0.08455810774284327 0.08415561725524212 0.08393276755988684 0.0839593462156967 0.08416793582368717 0.08451248171975137 0.08496399447891899 0.08557909499038677 0.08622755363557739 0.08685608427417808 0.08744935445679017 0.08797527371589725 0.08841142868327621 0.08867658111660426 0.08871410405791301 0.08854127400266654 0.08823884662161417 0.08779795680977318 0.08727693907280169 0.08669297644239864 0.0860920775553369 0.08551402773423918 0.08495108953948195 0.08444187216355582 0.08403948035037771 0.08377924780648253 0.0836359102821502 0.08369082445833526 0.08396457705347284 0.08437952366922191 0.08493931871978293 0.08558814875063844 0.08623468123924802 0.08691714614509265 0.08753452333575461 0.08801837309011538 0.08832071729966007 0.08846386136209881 0.08641204507596671 0.085848466395696 0.08527125366756928 0.08471073473608669 0.08421999471709478 0.08380440182787591 0.08352129606543285 0.08348976738070234 0.08363736242803541 0.08390080202891945 